1000 10 
0.049988 0.098882 0.092342 0.200857 0.141055 0.126111 0.152081 0.081816 0.031213 0.025655 
0.130199 0.081231 0.050138 0.093930 0.012561 0.035378 0.020060 0.062407 0.255014 0.259082 
0.070493 0.009968 0.012414 0.002468 0.017075 0.030116 0.034152 0.044052 0.008449 0.770814 
0.033513 0.007646 0.025185 0.013681 0.649922 0.032055 0.213262 0.012315 0.003236 0.009185 
0.254593 0.071814 0.037876 0.031157 0.170295 0.019565 0.362206 0.021573 0.008181 0.022741 
0.012365 0.139793 0.009664 0.030243 0.026537 0.054158 0.059501 0.543146 0.027677 0.096915 
0.061385 0.020191 0.055331 0.107454 0.141232 0.020144 0.028199 0.378397 0.043420 0.144246 
0.646755 0.058121 0.094994 0.019478 0.019653 0.004647 0.021562 0.050344 0.006707 0.077739 
0.250930 0.017075 0.034380 0.012031 0.040329 0.046914 0.251838 0.266000 0.067559 0.012945 
0.020212 0.182953 0.034147 0.024277 0.009225 0.023946 0.245993 0.133133 0.247792 0.078322 
0.075364 0.378594 0.012340 0.024564 0.031217 0.153614 0.097966 0.130007 0.083299 0.013035 
0.068188 0.048706 0.030298 0.032947 0.172325 0.030457 0.021553 0.467705 0.064069 0.063751 
0.070120 0.061470 0.094031 0.225596 0.025201 0.015912 0.055055 0.037158 0.409937 0.005521 
0.082096 0.012028 0.027853 0.302077 0.048263 0.018674 0.303354 0.032844 0.022510 0.150301 
0.149513 0.180942 0.111907 0.176871 0.045434 0.013591 0.155686 0.072772 0.068960 0.024323 
0.066250 0.107879 0.061371 0.021092 0.078482 0.428214 0.100540 0.080534 0.041011 0.014626 
0.064761 0.017937 0.022911 0.149574 0.389178 0.018243 0.161055 0.056500 0.096116 0.023724 
0.115026 0.053009 0.112860 0.032188 0.065021 0.134355 0.316139 0.119451 0.041746 0.010205 
0.023231 0.048301 0.071902 0.058205 0.294216 0.068181 0.087365 0.205281 0.051388 0.091929 
0.133168 0.110229 0.028161 0.114812 0.164059 0.078215 0.061958 0.029087 0.221100 0.059211 
0.200605 0.128744 0.042273 0.021736 0.050211 0.027491 0.172683 0.024030 0.307722 0.024507 
0.101238 0.016152 0.337136 0.005812 0.037721 0.036147 0.300072 0.052184 0.095226 0.018313 
0.038888 0.006948 0.015082 0.098640 0.277675 0.039814 0.041383 0.136252 0.035228 0.310090 
0.067153 0.085120 0.133882 0.087473 0.165175 0.115707 0.236254 0.055567 0.041999 0.011668 
0.028333 0.029640 0.409238 0.376696 0.001494 0.007480 0.005516 0.037223 0.098851 0.005527 
0.280158 0.058423 0.028933 0.010953 0.014010 0.085364 0.011346 0.221673 0.266843 0.022296 
0.127633 0.054430 0.147781 0.075395 0.162698 0.042932 0.248534 0.088199 0.007051 0.045346 
0.058088 0.165343 0.037264 0.028472 0.076749 0.162597 0.076830 0.182540 0.184154 0.027962 
0.241768 0.054675 0.084881 0.201246 0.013902 0.006758 0.099298 0.051028 0.032113 0.214332 
0.262014 0.154827 0.160605 0.030632 0.006856 0.006306 0.027344 0.079064 0.014651 0.257700 
0.030915 0.164745 0.131732 0.083879 0.036667 0.188334 0.089449 0.074765 0.158479 0.041035 
0.049224 0.025119 0.065700 0.019979 0.589019 0.027168 0.129746 0.062389 0.009867 0.021790 
0.305755 0.044485 0.092924 0.007235 0.023918 0.012749 0.262345 0.128477 0.006562 0.115549 
0.024773 0.117869 0.033671 0.163544 0.065583 0.056119 0.502408 0.013739 0.015840 0.006455 
0.033773 0.140703 0.078304 0.156577 0.033096 0.077848 0.015874 0.222280 0.214828 0.026717 
0.026645 0.173613 0.039909 0.049107 0.072149 0.178773 0.192694 0.172870 0.058154 0.036086 
0.049022 0.021909 0.133883 0.569605 0.022639 0.019297 0.011178 0.020072 0.113870 0.038527 
0.127961 0.122073 0.133531 0.018106 0.086205 0.022792 0.431678 0.027986 0.026542 0.003126 
0.127568 0.001279 0.229467 0.015319 0.040006 0.013842 0.015804 0.304561 0.006018 0.246134 
0.113435 0.130657 0.057723 0.056392 0.008228 0.035887 0.025165 0.087931 0.346281 0.138301 
0.036452 0.080389 0.216636 0.034156 0.033367 0.053959 0.044246 0.077286 0.355899 0.067609 
0.011834 0.018288 0.010357 0.011699 0.097951 0.060754 0.014796 0.407802 0.008051 0.358467 
0.033362 0.204663 0.047761 0.063331 0.035109 0.194612 0.058035 0.090933 0.249490 0.022705 
0.099676 0.128576 0.205137 0.163600 0.172435 0.027469 0.039772 0.062864 0.078655 0.021816 
0.306935 0.080185 0.055151 0.020524 0.000732 0.012186 0.015635 0.011104 0.071867 0.425682 
0.034610 0.022580 0.314738 0.069069 0.070793 0.018522 0.162507 0.236889 0.056358 0.013934 
0.407454 0.032119 0.062410 0.013477 0.002588 0.004105 0.288037 0.063121 0.036445 0.090245 
0.075662 0.077383 0.112762 0.127261 0.054820 0.030536 0.110402 0.023737 0.367830 0.019607 
0.026560 0.109415 0.218453 0.017071 0.042124 0.037524 0.089766 0.283253 0.136749 0.039085 
0.019652 0.085052 0.090204 0.520477 0.058320 0.023637 0.020297 0.017463 0.038020 0.126878 
0.023338 0.196098 0.072145 0.082518 0.088887 0.257344 0.178664 0.039190 0.041079 0.020736 
0.029750 0.073190 0.176944 0.341091 0.111677 0.160538 0.025651 0.018560 0.038219 0.024379 
0.021638 0.121684 0.134230 0.031134 0.234953 0.177061 0.176126 0.037034 0.044534 0.021606 
0.022007 0.307422 0.053924 0.069816 0.139795 0.168114 0.107841 0.061502 0.029776 0.039804 
0.105418 0.015669 0.070566 0.577782 0.016649 0.008225 0.010051 0.005590 0.145562 0.044489 
0.020351 0.016291 0.039722 0.006419 0.069864 0.131005 0.066834 0.628938 0.005413 0.015164 
0.080916 0.045383 0.129445 0.303288 0.009970 0.013164 0.058465 0.031187 0.305236 0.022947 
0.374301 0.082660 0.062164 0.008176 0.013461 0.035896 0.019501 0.149659 0.087887 0.166295 
0.073002 0.003144 0.139096 0.070645 0.219068 0.026819 0.070427 0.151239 0.014655 0.231906 
0.248574 0.013368 0.175490 0.148926 0.015045 0.086787 0.001374 0.024506 0.114934 0.170995 
0.026055 0.129696 0.032051 0.050425 0.109339 0.225027 0.169803 0.078357 0.145090 0.034158 
0.068139 0.085007 0.326550 0.041764 0.152847 0.048574 0.077869 0.082368 0.063581 0.053302 
0.097514 0.139753 0.027838 0.360088 0.060901 0.037885 0.197636 0.031256 0.032781 0.014347 
0.088803 0.034619 0.332255 0.076418 0.132722 0.047817 0.028084 0.097541 0.075266 0.086476 
0.039662 0.147628 0.067431 0.123567 0.306249 0.067916 0.071881 0.106110 0.023675 0.045881 
0.059956 0.037003 0.075388 0.283062 0.043321 0.020762 0.087211 0.107132 0.213765 0.072399 
0.026361 0.062927 0.117698 0.060206 0.028427 0.166660 0.023243 0.027113 0.466179 0.021185 
0.032859 0.032207 0.245622 0.031817 0.012183 0.180178 0.012753 0.022754 0.357479 0.072148 
0.070129 0.004674 0.107503 0.045797 0.544354 0.130454 0.037442 0.023390 0.012485 0.023771 
0.051734 0.018456 0.049830 0.019538 0.322139 0.221873 0.229811 0.067195 0.011501 0.007924 
0.080263 0.051966 0.025114 0.006468 0.050665 0.197056 0.035996 0.504978 0.029796 0.017699 
0.040454 0.023074 0.057529 0.073031 0.105323 0.159356 0.165655 0.062164 0.216730 0.096684 
0.053562 0.107818 0.095022 0.012056 0.163845 0.052279 0.326586 0.146928 0.028564 0.013339 
0.148422 0.156666 0.047066 0.026351 0.241675 0.066422 0.186613 0.013365 0.082291 0.031131 
0.023497 0.144239 0.121800 0.051024 0.017254 0.508105 0.043335 0.010315 0.075797 0.004634 
0.020753 0.117159 0.043487 0.045266 0.111222 0.171367 0.235812 0.145540 0.067160 0.042234 
0.025785 0.243935 0.050773 0.036123 0.213590 0.085661 0.132011 0.141148 0.027402 0.043571 
0.098174 0.044663 0.016103 0.022694 0.044660 0.135068 0.012182 0.326398 0.024638 0.275419 
0.277706 0.126582 0.106667 0.039907 0.058451 0.053909 0.083695 0.150705 0.052678 0.049701 
0.037067 0.093593 0.026414 0.158506 0.114222 0.175233 0.215738 0.009313 0.115837 0.054078 
0.130568 0.200023 0.054138 0.147869 0.025623 0.082053 0.245222 0.072027 0.021995 0.020482 
0.040619 0.102204 0.054774 0.046488 0.015159 0.028171 0.093903 0.011956 0.537936 0.068791 
0.037900 0.053789 0.012432 0.193088 0.096223 0.045880 0.242324 0.013172 0.269806 0.035387 
0.293144 0.073338 0.038171 0.011423 0.001436 0.015519 0.033325 0.057213 0.143835 0.332598 
0.044374 0.086296 0.119330 0.011153 0.188522 0.122221 0.141154 0.223119 0.026401 0.037430 
0.617145 0.061099 0.025946 0.084986 0.013317 0.010068 0.070943 0.058488 0.034139 0.023870 
0.017020 0.004411 0.013925 0.038002 0.657616 0.103427 0.094257 0.015492 0.026637 0.029212 
0.289789 0.071820 0.085599 0.079811 0.047923 0.026974 0.042472 0.278423 0.029522 0.047668 
0.033052 0.118844 0.065753 0.038862 0.071044 0.202372 0.068923 0.198122 0.151596 0.051433 
0.073591 0.055390 0.517093 0.148455 0.047419 0.053498 0.019477 0.008819 0.031277 0.044982 
0.012444 0.130103 0.012462 0.053298 0.044682 0.062610 0.039408 0.360060 0.020706 0.264226 
0.059970 0.005210 0.049639 0.090557 0.076924 0.012248 0.139904 0.016884 0.041874 0.506790 
0.031300 0.058257 0.077341 0.018514 0.265817 0.136620 0.026265 0.293687 0.005062 0.087138 
0.109360 0.005100 0.118785 0.363537 0.143138 0.003581 0.069212 0.048804 0.082819 0.055664 
0.024983 0.019561 0.255617 0.502708 0.008475 0.085554 0.008071 0.024116 0.053316 0.017597 
0.174508 0.007332 0.136631 0.025388 0.006563 0.004455 0.004468 0.089443 0.011411 0.539801 
0.080030 0.154109 0.154057 0.043773 0.245170 0.101393 0.086107 0.100145 0.018288 0.016928 
0.050351 0.342410 0.015331 0.001703 0.262869 0.090056 0.169842 0.040060 0.007368 0.020010 
0.014652 0.016327 0.091060 0.087497 0.078125 0.028366 0.057038 0.068648 0.022353 0.535935 
0.293608 0.062502 0.105469 0.034234 0.007164 0.039485 0.081633 0.007690 0.201815 0.166400 
0.231149 0.013062 0.194918 0.344687 0.034988 0.083955 0.009768 0.027846 0.040685 0.018943 
0.045493 0.106788 0.082157 0.081016 0.133049 0.111964 0.224598 0.149475 0.037704 0.027755 
0.031123 0.191572 0.043511 0.103750 0.093623 0.248685 0.011785 0.048888 0.139360 0.087705 
0.026110 0.098070 0.034327 0.307860 0.038740 0.225969 0.011669 0.042937 0.181492 0.032826 
0.029572 0.175775 0.027869 0.052398 0.082789 0.195102 0.331113 0.011884 0.069720 0.023778 
0.020033 0.035982 0.040493 0.041357 0.389856 0.066061 0.239965 0.107265 0.004043 0.054945 
0.025511 0.027930 0.372011 0.131332 0.101035 0.026060 0.142611 0.080842 0.067272 0.025394 
0.137819 0.052057 0.066846 0.051888 0.170148 0.106322 0.191273 0.053362 0.085030 0.085256 
0.048753 0.020409 0.228770 0.421296 0.004974 0.002899 0.036764 0.010975 0.184470 0.040691 
0.029283 0.053479 0.111228 0.033671 0.198756 0.269187 0.156244 0.044867 0.089784 0.013502 
0.049031 0.063677 0.027359 0.041778 0.055395 0.022754 0.563455 0.009050 0.020483 0.147017 
0.162753 0.044798 0.105949 0.447242 0.042461 0.017666 0.040668 0.020784 0.007236 0.110443 
0.087394 0.300262 0.050553 0.084236 0.024226 0.008544 0.044179 0.206284 0.017808 0.176513 
0.026155 0.013040 0.038315 0.028963 0.013318 0.011701 0.082753 0.048934 0.596829 0.139990 
0.082907 0.048594 0.040137 0.541656 0.039620 0.041128 0.088703 0.038231 0.064666 0.014357 
0.011104 0.080760 0.047158 0.039320 0.011341 0.549229 0.021621 0.016041 0.052043 0.171383 
0.102531 0.013360 0.195071 0.010446 0.372232 0.015464 0.030894 0.172795 0.016463 0.070744 
0.644738 0.001795 0.079996 0.012549 0.153046 0.012580 0.019979 0.021633 0.001286 0.052398 
0.386409 0.052524 0.079446 0.053188 0.053252 0.054581 0.100217 0.057759 0.022287 0.140338 
0.044134 0.112356 0.041231 0.059214 0.069566 0.155557 0.120785 0.210898 0.143444 0.042815 
0.081251 0.189809 0.031317 0.056586 0.133165 0.117502 0.151015 0.048784 0.119570 0.071000 
0.025758 0.054300 0.116234 0.138585 0.013882 0.109975 0.012752 0.024235 0.429337 0.074942 
0.015618 0.060728 0.059096 0.045170 0.191505 0.132361 0.125535 0.260176 0.007206 0.102604 
0.120028 0.057787 0.348901 0.167151 0.094351 0.045254 0.031054 0.062932 0.062933 0.009609 
0.217744 0.003802 0.146219 0.063079 0.387305 0.005538 0.033060 0.046819 0.011756 0.084679 
0.085688 0.154038 0.272965 0.065023 0.033030 0.011876 0.024615 0.086738 0.246886 0.019142 
0.094838 0.251208 0.094398 0.066772 0.020148 0.011859 0.092437 0.055184 0.065096 0.248060 
0.018933 0.183118 0.062839 0.045592 0.063795 0.176159 0.075953 0.309331 0.032473 0.031806 
0.007004 0.020851 0.018921 0.001704 0.055423 0.038892 0.060584 0.746022 0.006489 0.044111 
0.054871 0.208417 0.133475 0.137380 0.040944 0.022954 0.041312 0.098018 0.126796 0.135833 
0.041864 0.185700 0.054831 0.099213 0.344323 0.070573 0.061577 0.024601 0.009237 0.108081 
0.156195 0.134653 0.121248 0.101812 0.044284 0.016447 0.188903 0.038791 0.169149 0.028518 
0.011274 0.150123 0.073994 0.137402 0.025435 0.053232 0.415954 0.040011 0.080500 0.012075 
0.081954 0.096776 0.037941 0.065087 0.171409 0.065063 0.285462 0.059127 0.117636 0.019543 
0.026902 0.232980 0.274691 0.132449 0.103088 0.019701 0.087665 0.006598 0.094909 0.021018 
0.056868 0.077334 0.066372 0.168327 0.146548 0.027021 0.357948 0.029683 0.063701 0.006198 
0.025807 0.103347 0.058348 0.108946 0.074458 0.108403 0.055442 0.090373 0.295293 0.079583 
0.105336 0.057970 0.131899 0.438605 0.029908 0.029799 0.077791 0.019815 0.051125 0.057752 
0.061305 0.109102 0.073587 0.302310 0.068199 0.132798 0.036490 0.034146 0.161852 0.020209 
0.076251 0.199507 0.075894 0.072493 0.160425 0.246630 0.048585 0.018049 0.029786 0.072382 
0.033829 0.178069 0.030970 0.115143 0.416187 0.054693 0.085566 0.019706 0.054144 0.011692 
0.073191 0.044811 0.084354 0.117446 0.218469 0.058966 0.162811 0.100760 0.034294 0.104897 
0.054393 0.235392 0.039364 0.064855 0.119348 0.097035 0.115704 0.150441 0.090618 0.032849 
0.173360 0.045921 0.090759 0.004083 0.022714 0.026058 0.336755 0.140897 0.122115 0.037338 
0.040976 0.066220 0.073386 0.077149 0.108152 0.233341 0.175702 0.106981 0.049560 0.068535 
0.053770 0.053645 0.125573 0.047313 0.033201 0.009605 0.269009 0.012491 0.385870 0.009523 
0.046741 0.130169 0.047389 0.058846 0.079378 0.113134 0.349758 0.130343 0.018753 0.025489 
0.016152 0.171045 0.076345 0.331341 0.043239 0.223161 0.032588 0.001900 0.094212 0.010016 
0.036533 0.010727 0.382567 0.042101 0.201914 0.128105 0.041688 0.070143 0.062036 0.024186 
0.128288 0.055034 0.042737 0.048804 0.069631 0.148116 0.021729 0.249868 0.014156 0.221637 
0.108299 0.130647 0.027669 0.085879 0.054176 0.015383 0.391816 0.032264 0.144753 0.009116 
0.024896 0.062837 0.101076 0.139430 0.022404 0.504021 0.028900 0.003753 0.035747 0.076935 
0.203859 0.089243 0.235454 0.016193 0.029845 0.014651 0.063264 0.069210 0.206029 0.072252 
0.067483 0.036594 0.072212 0.046193 0.359940 0.072617 0.186120 0.034745 0.035878 0.088217 
0.100514 0.011231 0.069102 0.033527 0.271435 0.038986 0.023535 0.194386 0.005154 0.252129 
0.014565 0.110318 0.111895 0.107629 0.151776 0.118898 0.142686 0.087987 0.079103 0.075143 
0.112356 0.101356 0.057648 0.073036 0.120479 0.254784 0.008322 0.131344 0.085883 0.054792 
0.112242 0.001154 0.052453 0.023028 0.051046 0.110232 0.007146 0.025726 0.011316 0.605657 
0.152111 0.001389 0.262503 0.088477 0.011487 0.007522 0.007897 0.160503 0.043716 0.264394 
0.177475 0.025027 0.024634 0.019274 0.050847 0.027151 0.279335 0.292104 0.024600 0.079552 
0.033168 0.021013 0.182317 0.089435 0.037255 0.040312 0.037461 0.217113 0.072115 0.269811 
0.010405 0.039624 0.017469 0.044199 0.033437 0.119912 0.032833 0.047291 0.604712 0.050119 
0.026037 0.102925 0.052655 0.190756 0.081947 0.255105 0.086058 0.042048 0.147702 0.014768 
0.076837 0.100384 0.131544 0.067949 0.068776 0.066362 0.097848 0.175989 0.079048 0.135264 
0.247950 0.045330 0.026775 0.005931 0.011145 0.025468 0.056367 0.463520 0.081172 0.036343 
0.144112 0.003998 0.054973 0.002651 0.534015 0.012036 0.175613 0.046657 0.010371 0.015573 
0.038359 0.100345 0.082661 0.108906 0.169391 0.086933 0.037373 0.083402 0.255549 0.037081 
0.054919 0.042506 0.027108 0.012041 0.131688 0.042226 0.065274 0.361411 0.015786 0.247041 
0.148783 0.009983 0.203352 0.026403 0.088431 0.005781 0.271955 0.123968 0.057661 0.063683 
0.180770 0.043722 0.167477 0.103880 0.013077 0.173195 0.003918 0.094819 0.075502 0.143639 
0.045764 0.153908 0.085337 0.109558 0.076667 0.024978 0.326147 0.016268 0.140125 0.021247 
0.066739 0.031736 0.021764 0.106461 0.201904 0.049470 0.373748 0.021355 0.056926 0.069897 
0.190635 0.017549 0.129150 0.067556 0.092353 0.090354 0.071875 0.041725 0.013937 0.284866 
0.099975 0.035344 0.074160 0.024468 0.436490 0.052899 0.250331 0.012694 0.005490 0.008149 
0.093570 0.213332 0.021784 0.026528 0.020038 0.023656 0.028642 0.414917 0.053473 0.104059 
0.019769 0.093083 0.069033 0.099573 0.221540 0.073304 0.088733 0.125542 0.129982 0.079441 
0.051134 0.235617 0.063981 0.006133 0.055912 0.119860 0.377009 0.049000 0.031305 0.010050 
0.015068 0.014927 0.023715 0.088458 0.004257 0.026548 0.002407 0.050315 0.014716 0.759592 
0.036506 0.038470 0.078836 0.566213 0.025251 0.016607 0.084602 0.020218 0.107714 0.025583 
0.071429 0.113325 0.051969 0.018588 0.060053 0.040270 0.465966 0.146413 0.014338 0.017648 
0.146060 0.059939 0.198706 0.065508 0.056455 0.011313 0.029021 0.336601 0.069907 0.026489 
0.097897 0.014471 0.079343 0.076832 0.078545 0.027330 0.107203 0.037091 0.005479 0.475810 
0.074373 0.189601 0.038380 0.115014 0.043952 0.017272 0.474796 0.016967 0.021130 0.008516 
0.034410 0.196325 0.057824 0.052841 0.210247 0.213465 0.083703 0.042286 0.028550 0.080350 
0.055534 0.017266 0.083262 0.588739 0.020964 0.043541 0.040145 0.010679 0.116599 0.023272 
0.035099 0.036003 0.051513 0.320129 0.061860 0.267750 0.023083 0.068440 0.082864 0.053259 
0.056215 0.034047 0.129845 0.257245 0.046881 0.146454 0.034515 0.029092 0.227358 0.038349 
0.082789 0.390313 0.114550 0.065871 0.053302 0.009855 0.100054 0.087424 0.041282 0.054560 
0.041540 0.014711 0.152816 0.274079 0.055571 0.008634 0.229753 0.007869 0.179396 0.035631 
0.449372 0.110268 0.089215 0.056085 0.038740 0.021803 0.039216 0.063285 0.032150 0.099865 
0.107078 0.014022 0.046773 0.041928 0.078947 0.069686 0.055422 0.077735 0.008544 0.499865 
0.266490 0.001591 0.039384 0.174634 0.030587 0.006453 0.049355 0.011054 0.013870 0.406582 
0.140499 0.157394 0.081444 0.069890 0.024840 0.078154 0.299555 0.063688 0.023362 0.061173 
0.023035 0.344983 0.140295 0.072677 0.027525 0.162610 0.017156 0.030580 0.110287 0.070851 
0.153762 0.027549 0.062982 0.070490 0.007988 0.017773 0.008394 0.426468 0.055127 0.169469 
0.043729 0.101783 0.072135 0.090136 0.031138 0.390437 0.075719 0.041188 0.123282 0.030454 
0.029211 0.085200 0.092849 0.264379 0.131378 0.023356 0.070543 0.047218 0.234869 0.020997 
0.077509 0.436647 0.022855 0.078100 0.018976 0.031542 0.196227 0.017245 0.101781 0.019118 
0.091461 0.257182 0.052577 0.160096 0.102961 0.038300 0.076305 0.119748 0.078844 0.022524 
0.056601 0.044863 0.038713 0.058448 0.012023 0.007859 0.614318 0.017762 0.109433 0.039981 
0.010905 0.041520 0.334344 0.181642 0.251291 0.073976 0.009593 0.033693 0.019716 0.043321 
0.091732 0.140418 0.024903 0.034854 0.068807 0.150442 0.070922 0.212207 0.025125 0.180590 
0.402355 0.001632 0.158879 0.013549 0.019894 0.004045 0.035577 0.084539 0.005314 0.274216 
0.024909 0.187103 0.058328 0.049615 0.257987 0.092811 0.197345 0.104777 0.013242 0.013882 
0.098488 0.054245 0.176604 0.011185 0.108109 0.120651 0.044297 0.212884 0.013688 0.159849 
0.054559 0.023810 0.041730 0.164188 0.251657 0.032952 0.234149 0.020552 0.142906 0.033497 
0.150601 0.139101 0.034235 0.280335 0.040238 0.073924 0.105501 0.061490 0.029184 0.085391 
0.109779 0.004696 0.094599 0.012778 0.010890 0.065261 0.017676 0.038071 0.034050 0.612200 
0.016052 0.174197 0.049066 0.037505 0.025619 0.241447 0.072018 0.165474 0.190721 0.027902 
0.029519 0.193599 0.019044 0.276732 0.025012 0.122151 0.012357 0.019017 0.138245 0.164324 
0.010415 0.181207 0.065337 0.216026 0.017985 0.399634 0.018621 0.010991 0.066918 0.012866 
0.029498 0.295024 0.063050 0.162723 0.076322 0.084756 0.058505 0.060752 0.137087 0.032283 
0.236297 0.018953 0.146621 0.274656 0.004626 0.012529 0.188314 0.039550 0.053813 0.024641 
0.224108 0.051685 0.069053 0.007489 0.005978 0.006101 0.052119 0.031761 0.113565 0.438140 
0.013496 0.046215 0.027348 0.036343 0.018700 0.015388 0.014216 0.153348 0.015801 0.659145 
0.026890 0.076326 0.050657 0.084388 0.144186 0.203588 0.166161 0.138542 0.053508 0.055756 
0.094169 0.028999 0.519071 0.180743 0.007268 0.013998 0.017928 0.051762 0.074467 0.011596 
0.019712 0.081883 0.056754 0.091011 0.058225 0.226791 0.079988 0.190391 0.126625 0.068620 
0.025583 0.128908 0.058799 0.022098 0.067074 0.403019 0.143540 0.026038 0.110009 0.014932 
0.281075 0.039705 0.226232 0.010883 0.024161 0.018199 0.045788 0.069855 0.183980 0.100122 
0.016286 0.190016 0.037886 0.042381 0.040435 0.229441 0.082932 0.117284 0.211980 0.031359 
0.071963 0.059928 0.103920 0.040000 0.110912 0.061396 0.037953 0.113304 0.036813 0.363811 
0.005672 0.012038 0.008115 0.007548 0.046832 0.008676 0.012504 0.871203 0.006144 0.021267 
0.037614 0.071307 0.106520 0.085113 0.231314 0.119665 0.223327 0.075455 0.026296 0.023388 
0.035751 0.218932 0.035426 0.211152 0.178981 0.014256 0.083723 0.066548 0.133316 0.021916 
0.038931 0.146609 0.030326 0.033295 0.023136 0.529592 0.063763 0.037005 0.083398 0.013945 
0.016761 0.301984 0.037432 0.024041 0.012747 0.407369 0.019693 0.006225 0.158631 0.015116 
0.041316 0.042406 0.195850 0.034491 0.116110 0.088829 0.174538 0.206877 0.037460 0.062124 
0.034841 0.038193 0.043266 0.099952 0.136932 0.150266 0.115479 0.334283 0.014567 0.032221 
0.030013 0.058883 0.157443 0.029072 0.215892 0.038791 0.084665 0.332698 0.006657 0.045888 
0.041541 0.092737 0.039923 0.032588 0.024273 0.144178 0.086427 0.133486 0.377902 0.026946 
0.261559 0.030406 0.306290 0.007944 0.018545 0.013360 0.007488 0.038140 0.107723 0.208546 
0.041604 0.037123 0.279603 0.233614 0.184239 0.064608 0.049317 0.040332 0.031595 0.037965 
0.022248 0.271777 0.042218 0.044396 0.163725 0.158209 0.190490 0.043718 0.053868 0.009350 
0.086665 0.062633 0.087114 0.353969 0.016659 0.005265 0.320571 0.008619 0.043040 0.015465 
0.291388 0.008112 0.087880 0.141114 0.161048 0.008787 0.056860 0.021350 0.017729 0.205733 
0.119906 0.011296 0.038594 0.084728 0.021747 0.028729 0.086995 0.077636 0.096713 0.433655 
0.240281 0.042545 0.015593 0.241144 0.027328 0.158524 0.007899 0.025076 0.045490 0.196121 
0.018801 0.031606 0.079180 0.523223 0.012491 0.016565 0.083751 0.027425 0.175843 0.031115 
0.058588 0.057885 0.048150 0.062307 0.136525 0.195543 0.171306 0.123856 0.076962 0.068877 
0.017961 0.070818 0.049225 0.076516 0.033177 0.186790 0.036927 0.141272 0.349969 0.037346 
0.034726 0.114887 0.056169 0.006630 0.153161 0.029090 0.079542 0.472357 0.011657 0.041780 
0.106741 0.049876 0.175937 0.270349 0.028253 0.037649 0.014089 0.091363 0.201263 0.024480 
0.320309 0.003497 0.087783 0.286834 0.052911 0.010535 0.066084 0.021848 0.029939 0.120260 
0.087564 0.221767 0.108194 0.137890 0.019345 0.160525 0.079251 0.058459 0.049216 0.077789 
0.029282 0.039333 0.044228 0.095395 0.056601 0.065674 0.372741 0.008449 0.214093 0.074202 
0.029197 0.010571 0.041689 0.032163 0.049264 0.020060 0.031124 0.497787 0.011325 0.276821 
0.043752 0.073755 0.299477 0.061742 0.038282 0.085015 0.007647 0.101942 0.126063 0.162324 
0.091617 0.052404 0.149147 0.025123 0.028310 0.261298 0.018575 0.027046 0.035830 0.310650 
0.043225 0.064961 0.047331 0.061534 0.494864 0.111932 0.091215 0.062735 0.008844 0.013358 
0.062974 0.040479 0.204126 0.098113 0.081769 0.021023 0.088886 0.034273 0.360807 0.007550 
0.014688 0.048372 0.039997 0.040695 0.042196 0.066716 0.082464 0.066654 0.547858 0.050359 
0.023528 0.063948 0.094617 0.039724 0.012149 0.023806 0.235306 0.054104 0.422253 0.030565 
0.021619 0.179037 0.052168 0.347608 0.027258 0.014886 0.080482 0.013948 0.251637 0.011357 
0.102431 0.069043 0.096795 0.011552 0.211926 0.239222 0.052925 0.079855 0.010733 0.125519 
0.069443 0.009518 0.253486 0.396050 0.059245 0.046494 0.014070 0.030854 0.061485 0.059353 
0.040857 0.209260 0.080785 0.069098 0.081835 0.149496 0.126074 0.105681 0.087719 0.049196 
0.171178 0.023275 0.045723 0.010720 0.193334 0.016256 0.250449 0.095954 0.028490 0.164620 
0.066446 0.058244 0.535783 0.139209 0.017595 0.021024 0.006075 0.037954 0.069340 0.048330 
0.014890 0.090782 0.051332 0.046806 0.081310 0.154149 0.029113 0.097344 0.017465 0.416810 
0.038758 0.023219 0.026245 0.023048 0.062447 0.084265 0.037739 0.662461 0.030607 0.011210 
0.269131 0.055380 0.026623 0.114082 0.113262 0.008049 0.231584 0.036154 0.033945 0.111790 
0.033044 0.082059 0.162606 0.025347 0.209118 0.154004 0.189044 0.025390 0.050523 0.068864 
0.021032 0.250861 0.068731 0.079324 0.237399 0.102926 0.144981 0.073393 0.011902 0.009451 
0.156106 0.404966 0.029237 0.023099 0.023024 0.006950 0.024522 0.146225 0.134130 0.051742 
0.022055 0.344647 0.019812 0.022527 0.015185 0.121986 0.054149 0.015921 0.332604 0.051116 
0.276641 0.062095 0.043922 0.024755 0.309426 0.032908 0.073733 0.012618 0.147685 0.016217 
0.035270 0.088895 0.045342 0.042820 0.128099 0.034899 0.018888 0.162232 0.011497 0.432057 
0.064327 0.181979 0.043936 0.045191 0.054619 0.155154 0.099769 0.155800 0.162523 0.036699 
0.080832 0.023609 0.032071 0.019867 0.128179 0.066679 0.015042 0.208014 0.006581 0.419125 
0.010920 0.159819 0.050625 0.022087 0.035823 0.225650 0.031580 0.014298 0.325823 0.123375 
0.047460 0.127059 0.083687 0.078558 0.047259 0.442006 0.059076 0.032990 0.066675 0.015230 
0.050002 0.267008 0.108167 0.030371 0.019055 0.117205 0.184734 0.078604 0.059234 0.085621 
0.048847 0.023265 0.043647 0.013153 0.102349 0.601134 0.045047 0.008297 0.095648 0.018611 
0.023625 0.062990 0.146799 0.356057 0.046041 0.044414 0.022855 0.032143 0.222902 0.042174 
0.013782 0.117011 0.078588 0.085044 0.033685 0.228174 0.062200 0.119450 0.199145 0.062922 
0.037097 0.153187 0.136674 0.029989 0.017985 0.199003 0.050365 0.019394 0.342274 0.014033 
0.068177 0.006533 0.177839 0.006912 0.028089 0.014416 0.011905 0.325365 0.007535 0.353231 
0.305238 0.116930 0.314758 0.062129 0.003005 0.009665 0.014365 0.058083 0.054739 0.061089 
0.035963 0.028121 0.135175 0.020856 0.569437 0.043882 0.070689 0.044154 0.005143 0.046581 
0.030998 0.078536 0.055321 0.560458 0.004965 0.113673 0.015420 0.000975 0.120095 0.019559 
0.047097 0.006071 0.043814 0.007123 0.723359 0.009129 0.071151 0.083907 0.001239 0.007109 
0.323444 0.049540 0.046931 0.280781 0.036310 0.001836 0.044984 0.103804 0.060776 0.051594 
0.191233 0.009166 0.106255 0.008888 0.395890 0.030390 0.219677 0.020540 0.009145 0.008817 
0.095794 0.041764 0.117509 0.106580 0.121255 0.104325 0.154750 0.071897 0.006115 0.180012 
0.053377 0.196224 0.070480 0.205710 0.083684 0.049441 0.103488 0.085482 0.134408 0.017704 
0.115703 0.016571 0.124826 0.013690 0.007899 0.017543 0.110973 0.021893 0.506014 0.064888 
0.051141 0.032264 0.184203 0.058903 0.015685 0.046648 0.023757 0.186012 0.327305 0.074082 
0.102078 0.073720 0.018310 0.011234 0.124892 0.024762 0.448784 0.100443 0.012522 0.083254 
0.049148 0.063321 0.163593 0.015195 0.026758 0.070608 0.074725 0.104550 0.405520 0.026582 
0.086268 0.073491 0.145084 0.444206 0.029678 0.032236 0.015714 0.020523 0.045420 0.107380 
0.051092 0.224320 0.024842 0.010723 0.021488 0.087736 0.186126 0.096628 0.235207 0.061838 
0.019692 0.205583 0.059179 0.036886 0.118245 0.202428 0.101778 0.123761 0.076699 0.055749 
0.015712 0.009366 0.087422 0.016760 0.017962 0.015248 0.004703 0.546772 0.049891 0.236164 
0.264242 0.003497 0.144603 0.057223 0.128460 0.055694 0.030452 0.016324 0.022830 0.276675 
0.039390 0.117440 0.062379 0.009724 0.097926 0.242957 0.163940 0.048051 0.048339 0.169855 
0.062070 0.078507 0.034326 0.025125 0.012343 0.017620 0.241182 0.053477 0.056708 0.418642 
0.330774 0.065539 0.221465 0.264368 0.007889 0.009354 0.037727 0.014115 0.016166 0.032602 
0.062950 0.019319 0.051377 0.173098 0.266895 0.053542 0.156006 0.131775 0.015236 0.069804 
0.047450 0.123848 0.108351 0.358194 0.002189 0.173598 0.041779 0.026577 0.091050 0.026963 
0.025873 0.084596 0.011696 0.014449 0.162102 0.021974 0.210890 0.335297 0.014994 0.118129 
0.206584 0.059318 0.029947 0.023909 0.021377 0.010368 0.162877 0.254666 0.085556 0.145398 
0.382007 0.022838 0.064780 0.122112 0.003086 0.002647 0.026548 0.017448 0.321397 0.037137 
0.100813 0.263112 0.045786 0.181582 0.089394 0.051121 0.100900 0.041144 0.110698 0.015450 
0.027303 0.132943 0.137146 0.426830 0.031617 0.021127 0.044631 0.054922 0.107176 0.016305 
0.035291 0.049159 0.023590 0.087662 0.113538 0.089129 0.146223 0.429330 0.010866 0.015213 
0.090904 0.008009 0.125505 0.020280 0.321675 0.042810 0.160488 0.135162 0.011281 0.083886 
0.014950 0.159693 0.080783 0.052674 0.114817 0.148935 0.242514 0.131626 0.033721 0.020286 
0.045412 0.052443 0.021508 0.031787 0.367611 0.024503 0.290792 0.020146 0.123053 0.022745 
0.312274 0.025294 0.064582 0.004813 0.001139 0.009587 0.002610 0.176347 0.073582 0.329774 
0.042839 0.038005 0.143062 0.248421 0.242300 0.089513 0.082836 0.060407 0.033501 0.019117 
0.134235 0.026142 0.102897 0.171953 0.032046 0.210974 0.005011 0.006892 0.129826 0.180024 
0.014982 0.416751 0.028918 0.122296 0.049256 0.105523 0.036724 0.062390 0.058717 0.104443 
0.151075 0.113903 0.039783 0.002733 0.064929 0.008031 0.110467 0.100969 0.341917 0.066193 
0.073865 0.033342 0.206549 0.294607 0.076783 0.007655 0.049367 0.126096 0.093673 0.038064 
0.025001 0.082880 0.044124 0.473853 0.070180 0.077604 0.162654 0.005752 0.031219 0.026733 
0.055596 0.032675 0.069389 0.283776 0.027427 0.108041 0.063954 0.038991 0.023257 0.296894 
0.026257 0.060179 0.070790 0.598901 0.011985 0.005406 0.005748 0.023219 0.177326 0.020188 
0.235613 0.041641 0.422525 0.119245 0.034796 0.011486 0.006787 0.036510 0.052138 0.039259 
0.037541 0.122426 0.079653 0.376889 0.063265 0.047488 0.126372 0.043417 0.052381 0.050568 
0.047773 0.064293 0.010577 0.015395 0.040302 0.051262 0.016952 0.664628 0.013658 0.075160 
0.028836 0.125109 0.025431 0.042458 0.022254 0.219194 0.049939 0.146189 0.310841 0.029748 
0.046317 0.005063 0.082136 0.077456 0.263687 0.027932 0.114480 0.287283 0.014683 0.080964 
0.017467 0.089950 0.077249 0.096717 0.048601 0.270952 0.057844 0.102549 0.165951 0.072719 
0.055225 0.141337 0.066607 0.135200 0.053445 0.219437 0.039734 0.217635 0.025987 0.045392 
0.029974 0.091610 0.120831 0.092334 0.350097 0.084283 0.059382 0.031245 0.105520 0.034724 
0.018104 0.533545 0.054834 0.069271 0.028637 0.018818 0.092820 0.053058 0.119340 0.011573 
0.051401 0.018434 0.173399 0.104224 0.017012 0.031641 0.017246 0.236072 0.084780 0.265793 
0.018037 0.006501 0.163868 0.053772 0.111992 0.033190 0.047568 0.469532 0.036288 0.059253 
0.102129 0.067943 0.351764 0.200857 0.029668 0.042917 0.014265 0.015182 0.011498 0.163777 
0.026605 0.005324 0.018928 0.033003 0.033093 0.020783 0.004418 0.066143 0.007874 0.783830 
0.481622 0.064814 0.049378 0.026451 0.018134 0.007165 0.016557 0.033553 0.047158 0.255168 
0.036674 0.050146 0.044457 0.553807 0.106026 0.057718 0.014526 0.018359 0.103903 0.014382 
0.084809 0.008219 0.556743 0.045108 0.022886 0.040466 0.001155 0.122290 0.097380 0.020944 
0.234285 0.090784 0.049986 0.155727 0.115727 0.016162 0.143020 0.126132 0.010727 0.057451 
0.017647 0.323554 0.095556 0.134096 0.042612 0.109308 0.118377 0.086899 0.057733 0.014218 
0.041690 0.145112 0.199621 0.207349 0.141822 0.046067 0.056376 0.056180 0.093529 0.012254 
0.010651 0.025531 0.021226 0.390072 0.002980 0.003369 0.446431 0.013888 0.073052 0.012801 
0.064687 0.040354 0.081365 0.066777 0.016557 0.020456 0.004798 0.234476 0.061573 0.408958 
0.032401 0.117426 0.077123 0.071379 0.074239 0.053465 0.024434 0.277437 0.030971 0.241124 
0.253243 0.009609 0.101289 0.007926 0.071170 0.074730 0.033229 0.266071 0.076675 0.106059 
0.072060 0.037878 0.075891 0.090490 0.093967 0.064947 0.058063 0.204432 0.253569 0.048704 
0.078703 0.065970 0.144298 0.278467 0.201467 0.041888 0.070097 0.045896 0.029253 0.043961 
0.101143 0.059898 0.202005 0.064871 0.015385 0.042403 0.028977 0.261176 0.195897 0.028245 
0.236545 0.000330 0.132259 0.029313 0.025962 0.010342 0.023123 0.024029 0.001688 0.516408 
0.063355 0.003153 0.031756 0.036092 0.012035 0.012436 0.007366 0.047547 0.009732 0.776528 
0.050116 0.001070 0.181728 0.059426 0.186642 0.013526 0.021846 0.440347 0.018668 0.026631 
0.028154 0.108799 0.090397 0.243709 0.058733 0.044803 0.036708 0.013085 0.354324 0.021288 
0.127739 0.066591 0.177356 0.296326 0.035946 0.061635 0.062329 0.051552 0.067845 0.052681 
0.029901 0.244958 0.069498 0.038511 0.144686 0.172591 0.137285 0.116370 0.027075 0.019126 
0.050058 0.116669 0.066826 0.024204 0.205871 0.263679 0.166909 0.049036 0.039410 0.017339 
0.045149 0.055531 0.124982 0.179493 0.014951 0.028620 0.038776 0.052645 0.433015 0.026838 
0.069089 0.011616 0.503853 0.091872 0.021441 0.043148 0.006072 0.004578 0.190265 0.058065 
0.039462 0.088467 0.264855 0.310871 0.004970 0.050640 0.020885 0.016444 0.201403 0.002003 
0.118697 0.047115 0.139747 0.136877 0.068708 0.024242 0.052773 0.249815 0.106985 0.055041 
0.035575 0.151788 0.043814 0.032374 0.015075 0.132550 0.056084 0.086212 0.388634 0.057893 
0.046050 0.104063 0.095427 0.069261 0.068461 0.055180 0.180785 0.038986 0.329955 0.011832 
0.030339 0.197887 0.048777 0.112009 0.060310 0.294921 0.053312 0.065445 0.029251 0.107749 
0.036946 0.037632 0.130301 0.403939 0.067695 0.062946 0.018644 0.009657 0.191647 0.040592 
0.050473 0.097342 0.047929 0.053790 0.042767 0.046343 0.024192 0.037569 0.016655 0.582940 
0.184531 0.031028 0.118401 0.016692 0.161098 0.116275 0.045425 0.065327 0.002953 0.258272 
0.055607 0.045612 0.297928 0.028176 0.134347 0.138185 0.071395 0.089545 0.070766 0.068437 
0.040265 0.119458 0.096127 0.114473 0.191048 0.088924 0.187640 0.123554 0.027003 0.011509 
0.063711 0.070352 0.074519 0.087900 0.190440 0.020345 0.066287 0.303924 0.019575 0.102947 
0.063073 0.155371 0.084984 0.193160 0.028169 0.019623 0.058347 0.009588 0.385265 0.002419 
0.040805 0.005526 0.099263 0.669807 0.001714 0.003225 0.019445 0.009456 0.012504 0.138255 
0.014853 0.020124 0.037512 0.019330 0.487017 0.063403 0.171358 0.132411 0.008722 0.045271 
0.067409 0.049292 0.184521 0.057816 0.249241 0.057010 0.048332 0.138250 0.028011 0.120117 
0.060606 0.262055 0.083399 0.094088 0.042117 0.056308 0.053103 0.027151 0.292330 0.028842 
0.049169 0.034148 0.122165 0.103656 0.025734 0.018675 0.028809 0.194387 0.082333 0.340924 
0.039749 0.116101 0.036480 0.055681 0.077990 0.238883 0.148093 0.137508 0.092295 0.057219 
0.011354 0.103227 0.049736 0.057704 0.023276 0.089698 0.127208 0.003815 0.518751 0.015231 
0.096771 0.247948 0.048980 0.009715 0.103715 0.039640 0.221226 0.172265 0.038514 0.021227 
0.041171 0.262379 0.112396 0.078183 0.007333 0.053521 0.072129 0.054334 0.305912 0.012642 
0.058803 0.049040 0.031373 0.482410 0.014213 0.060970 0.186930 0.013909 0.090731 0.011622 
0.016224 0.049930 0.135338 0.138882 0.042307 0.007716 0.036951 0.005828 0.565711 0.001114 
0.027019 0.014529 0.016859 0.022810 0.020318 0.098274 0.026720 0.527571 0.011608 0.234292 
0.127962 0.019836 0.156121 0.415919 0.071232 0.021511 0.068003 0.021218 0.060822 0.037375 
0.015788 0.115625 0.101319 0.033322 0.052149 0.231420 0.059405 0.142561 0.185395 0.063017 
0.042863 0.024249 0.100663 0.026712 0.377674 0.049603 0.147112 0.048460 0.056264 0.126398 
0.063406 0.256343 0.014814 0.020611 0.007210 0.020025 0.055718 0.008998 0.523366 0.029511 
0.066449 0.193424 0.039959 0.081721 0.295442 0.038573 0.192072 0.035932 0.031378 0.025049 
0.008674 0.040661 0.006966 0.069767 0.012821 0.045742 0.008661 0.019040 0.755842 0.031826 
0.067904 0.019838 0.665211 0.021434 0.006719 0.057801 0.006661 0.020165 0.090811 0.043456 
0.019133 0.079246 0.143374 0.289638 0.034373 0.094848 0.036865 0.123850 0.168364 0.010309 
0.064818 0.168530 0.079190 0.046744 0.083666 0.096112 0.096814 0.029119 0.312430 0.022576 
0.085061 0.034345 0.041754 0.037362 0.098396 0.085567 0.105384 0.139657 0.018131 0.354343 
0.030786 0.158936 0.045012 0.043852 0.088162 0.152814 0.111767 0.138161 0.177208 0.053303 
0.029968 0.082169 0.156664 0.036993 0.050989 0.061446 0.099543 0.270668 0.175953 0.035607 
0.033367 0.029435 0.017591 0.007423 0.016070 0.151771 0.014569 0.485649 0.012032 0.232094 
0.050479 0.080151 0.100343 0.096872 0.045270 0.079336 0.330045 0.015320 0.094605 0.107579 
0.055870 0.044180 0.091477 0.026036 0.158772 0.231375 0.104429 0.028988 0.233944 0.024929 
0.058100 0.008681 0.398575 0.261989 0.020839 0.030467 0.001817 0.012168 0.110611 0.096751 
0.022150 0.037057 0.029698 0.148123 0.223057 0.382792 0.028331 0.016452 0.074997 0.037343 
0.049153 0.015263 0.132141 0.049057 0.514841 0.035139 0.101457 0.070613 0.008069 0.024268 
0.045094 0.032411 0.092908 0.094943 0.008255 0.015624 0.050615 0.235238 0.401342 0.023570 
0.091047 0.089770 0.141506 0.229751 0.041535 0.013681 0.131154 0.106909 0.093395 0.061252 
0.065747 0.263773 0.151368 0.078200 0.057571 0.010385 0.092645 0.213835 0.026964 0.039512 
0.142002 0.081983 0.184672 0.033847 0.054905 0.148742 0.022531 0.200684 0.101057 0.029577 
0.021263 0.116437 0.061594 0.074103 0.078378 0.132812 0.036544 0.044208 0.064571 0.370089 
0.063873 0.185229 0.069725 0.072801 0.078212 0.088962 0.239111 0.151034 0.036282 0.014771 
0.101324 0.061531 0.183619 0.260651 0.034937 0.004931 0.188699 0.004945 0.157407 0.001955 
0.072536 0.056805 0.021965 0.096556 0.031470 0.036409 0.396409 0.048220 0.169775 0.069856 
0.195837 0.098760 0.066589 0.053503 0.002105 0.011434 0.020032 0.061892 0.062298 0.427548 
0.102153 0.021636 0.043034 0.168558 0.111060 0.059610 0.204025 0.065787 0.034919 0.189216 
0.072828 0.047526 0.068315 0.229548 0.050280 0.121822 0.090757 0.054545 0.052106 0.212273 
0.071820 0.018745 0.253209 0.106998 0.093704 0.006859 0.053332 0.153114 0.199072 0.043147 
0.052369 0.042743 0.104427 0.151780 0.137537 0.135008 0.090823 0.113769 0.143888 0.027657 
0.019554 0.103481 0.044696 0.033104 0.040788 0.273177 0.086076 0.073793 0.275503 0.049828 
0.247298 0.021360 0.039254 0.010086 0.230009 0.067357 0.255120 0.089157 0.016121 0.024237 
0.040840 0.166191 0.053191 0.033749 0.027692 0.549242 0.055298 0.035626 0.030971 0.007200 
0.236457 0.003926 0.066549 0.020316 0.005001 0.012350 0.000469 0.021225 0.021699 0.612008 
0.162858 0.015143 0.108896 0.013094 0.062060 0.359518 0.102412 0.082096 0.007722 0.086202 
0.109762 0.027087 0.176718 0.036981 0.402482 0.015516 0.070543 0.064312 0.042399 0.054200 
0.344558 0.003461 0.015620 0.011713 0.106717 0.059415 0.015738 0.053073 0.014146 0.375559 
0.048482 0.051189 0.054778 0.470872 0.019903 0.064509 0.053055 0.029974 0.115715 0.091524 
0.096510 0.085325 0.095900 0.143560 0.112451 0.185502 0.071123 0.115728 0.061920 0.031980 
0.014467 0.047786 0.028926 0.016704 0.336901 0.037304 0.119345 0.241918 0.008909 0.147739 
0.046957 0.072720 0.031135 0.028685 0.028822 0.205195 0.044337 0.145336 0.376611 0.020202 
0.043107 0.111677 0.126360 0.064444 0.023598 0.324452 0.104463 0.063149 0.119133 0.019618 
0.069233 0.032252 0.218239 0.192374 0.038850 0.063867 0.024644 0.076417 0.142767 0.141359 
0.064424 0.069910 0.271609 0.128148 0.060958 0.021943 0.037597 0.016517 0.300456 0.028436 
0.093858 0.025384 0.074538 0.005166 0.032017 0.012342 0.023532 0.191704 0.008690 0.532769 
0.079452 0.041873 0.065006 0.088337 0.314779 0.052549 0.033012 0.101189 0.046762 0.177039 
0.164605 0.033816 0.058893 0.056378 0.025739 0.021646 0.217174 0.138689 0.235849 0.047210 
0.478179 0.028447 0.021411 0.001376 0.001537 0.007259 0.004552 0.263897 0.041408 0.151935 
0.207280 0.041073 0.082111 0.279168 0.033158 0.033604 0.007919 0.048515 0.049062 0.218110 
0.131787 0.053528 0.063515 0.073218 0.066329 0.044920 0.123298 0.085956 0.200133 0.157315 
0.059774 0.037495 0.174517 0.122581 0.154792 0.019713 0.137014 0.243659 0.032661 0.017797 
0.004339 0.311676 0.030602 0.117720 0.044088 0.069139 0.142500 0.014783 0.243608 0.021546 
0.036857 0.045714 0.061723 0.051252 0.071286 0.173081 0.124654 0.126435 0.228586 0.080411 
0.027133 0.057995 0.130286 0.084013 0.099845 0.162822 0.197632 0.157049 0.033111 0.050114 
0.078780 0.068780 0.027880 0.077844 0.166497 0.014046 0.316967 0.160266 0.066004 0.022936 
0.033877 0.171322 0.078073 0.020046 0.046227 0.429792 0.096039 0.040456 0.070731 0.013438 
0.180178 0.011032 0.372024 0.007110 0.230970 0.039652 0.029744 0.050375 0.029450 0.049463 
0.042185 0.013000 0.600773 0.186623 0.012332 0.028880 0.002178 0.036157 0.061484 0.016388 
0.015025 0.099720 0.075547 0.056229 0.086204 0.156926 0.117402 0.193250 0.127298 0.072400 
0.072709 0.059211 0.108517 0.225903 0.053623 0.034996 0.403384 0.010412 0.023171 0.008074 
0.020874 0.257995 0.013206 0.020931 0.054525 0.503204 0.054681 0.020554 0.047385 0.006646 
0.024827 0.054962 0.023727 0.090365 0.032954 0.300946 0.046882 0.221707 0.048264 0.155365 
0.052321 0.211981 0.093100 0.180888 0.159228 0.063458 0.087798 0.080898 0.053098 0.017230 
0.032026 0.114703 0.030107 0.098889 0.199166 0.104075 0.047939 0.110130 0.035022 0.227943 
0.070675 0.064520 0.054058 0.259193 0.112657 0.028834 0.101208 0.222503 0.026533 0.059819 
0.036006 0.062220 0.112659 0.042371 0.005221 0.016677 0.022886 0.396717 0.141055 0.164188 
0.049366 0.213472 0.187494 0.028183 0.148043 0.130575 0.018773 0.026971 0.189964 0.007159 
0.099698 0.022400 0.204083 0.017988 0.199550 0.078308 0.118397 0.175941 0.008660 0.074977 
0.374617 0.213001 0.094757 0.092534 0.033349 0.012465 0.055195 0.022623 0.097597 0.003861 
0.130294 0.039712 0.024997 0.021752 0.056295 0.158725 0.048502 0.233154 0.020313 0.266257 
0.085919 0.050402 0.135576 0.294055 0.029926 0.082582 0.142105 0.009930 0.121069 0.048435 
0.035413 0.126822 0.094723 0.128881 0.025990 0.044357 0.038510 0.136983 0.320823 0.047499 
0.032366 0.007756 0.062158 0.723084 0.006081 0.022169 0.005910 0.010882 0.041037 0.088559 
0.016349 0.138236 0.087040 0.078836 0.042068 0.240572 0.097531 0.153423 0.095408 0.050537 
0.096708 0.031294 0.241896 0.246870 0.004359 0.015581 0.196396 0.005093 0.083389 0.078415 
0.417168 0.067458 0.034277 0.027135 0.039120 0.012629 0.051056 0.046554 0.122333 0.182270 
0.037566 0.054186 0.074835 0.018916 0.293273 0.050765 0.054331 0.263380 0.006603 0.146145 
0.076752 0.009947 0.216470 0.380364 0.037680 0.010607 0.015348 0.028534 0.084656 0.139641 
0.040479 0.031848 0.111442 0.293006 0.004728 0.108780 0.043305 0.021932 0.143301 0.201180 
0.020620 0.165373 0.039394 0.175193 0.285825 0.091642 0.036690 0.065068 0.071745 0.048449 
0.009154 0.015147 0.028063 0.078770 0.030593 0.008161 0.045087 0.010115 0.702153 0.072757 
0.057605 0.007561 0.052805 0.006425 0.003240 0.101174 0.003224 0.016498 0.010422 0.741047 
0.014432 0.064711 0.052280 0.021258 0.018721 0.013514 0.035377 0.004672 0.764790 0.010245 
0.026801 0.195523 0.050726 0.206321 0.079062 0.114337 0.054171 0.078375 0.134115 0.060568 
0.045509 0.046145 0.568946 0.015648 0.017987 0.013615 0.002295 0.054105 0.040769 0.194981 
0.224317 0.086649 0.069670 0.191304 0.020204 0.006400 0.087459 0.097960 0.191404 0.024632 
0.028798 0.074537 0.096735 0.043993 0.091490 0.286695 0.250919 0.044436 0.070005 0.012393 
0.208538 0.052704 0.012890 0.006561 0.026237 0.076421 0.111053 0.410834 0.018523 0.076240 
0.055763 0.027715 0.033642 0.009615 0.249154 0.424807 0.025544 0.069208 0.004741 0.099810 
0.256066 0.026739 0.096170 0.313974 0.061347 0.005457 0.041835 0.028165 0.071684 0.098563 
0.142920 0.051103 0.109720 0.012983 0.001094 0.036650 0.252456 0.025729 0.078722 0.288623 
0.038899 0.058440 0.295829 0.083613 0.124812 0.248295 0.026893 0.034477 0.052202 0.036539 
0.020697 0.056895 0.030236 0.018821 0.178156 0.044232 0.019113 0.427529 0.016637 0.187684 
0.127302 0.304084 0.111687 0.121785 0.027426 0.011360 0.076361 0.138261 0.069114 0.012620 
0.056891 0.053948 0.092843 0.093435 0.131652 0.178158 0.108455 0.069579 0.179201 0.035838 
0.024971 0.196266 0.032627 0.030337 0.052276 0.217700 0.215808 0.134961 0.057246 0.037807 
0.040700 0.037945 0.047051 0.152501 0.050518 0.205731 0.235424 0.021234 0.069883 0.139012 
0.282421 0.030485 0.178582 0.002955 0.065152 0.014054 0.042812 0.296303 0.038612 0.048624 
0.054028 0.038510 0.076766 0.073326 0.108716 0.261964 0.111117 0.028484 0.206668 0.040420 
0.112865 0.013575 0.050620 0.111951 0.110025 0.013670 0.510457 0.041219 0.006124 0.029494 
0.035092 0.023694 0.048964 0.495846 0.118579 0.022183 0.125582 0.045937 0.036285 0.047838 
0.151717 0.150111 0.042011 0.051755 0.222118 0.037029 0.198511 0.045906 0.080107 0.020735 
0.095715 0.065843 0.040465 0.008354 0.120735 0.073301 0.034084 0.128838 0.012779 0.419886 
0.241989 0.087521 0.041023 0.016291 0.012335 0.025480 0.203547 0.242106 0.108051 0.021657 
0.046489 0.109904 0.151707 0.142755 0.036881 0.199021 0.128059 0.037860 0.093199 0.054125 
0.123095 0.002809 0.074946 0.008409 0.421221 0.022886 0.245492 0.046423 0.022391 0.032327 
0.058537 0.097034 0.130347 0.044293 0.011174 0.032156 0.014063 0.044708 0.497040 0.070647 
0.110379 0.053374 0.012151 0.015346 0.067439 0.427199 0.030704 0.127322 0.007784 0.148302 
0.146337 0.013572 0.130662 0.007794 0.478446 0.029129 0.055765 0.069426 0.006533 0.062336 
0.052013 0.005831 0.048649 0.117960 0.027848 0.011908 0.066184 0.387403 0.051749 0.230455 
0.058277 0.032787 0.027615 0.028123 0.116511 0.400444 0.026061 0.225585 0.044792 0.039806 
0.140377 0.067033 0.037802 0.010342 0.084948 0.033321 0.096184 0.093359 0.012475 0.424159 
0.098732 0.093706 0.056696 0.038336 0.092596 0.013666 0.103129 0.241190 0.026439 0.235510 
0.119179 0.036856 0.370492 0.260393 0.004350 0.031746 0.018171 0.015873 0.064390 0.078551 
0.048913 0.139427 0.080242 0.105936 0.133394 0.117207 0.150288 0.178347 0.025590 0.020654 
0.029568 0.098318 0.045852 0.118191 0.041366 0.149440 0.057115 0.018192 0.435422 0.006537 
0.051543 0.081131 0.173749 0.147322 0.135980 0.059965 0.029286 0.174155 0.118594 0.028276 
0.101750 0.021277 0.095445 0.101426 0.052822 0.041422 0.059497 0.100046 0.016616 0.409699 
0.018719 0.004277 0.283378 0.055467 0.074068 0.021766 0.034661 0.428049 0.027638 0.051977 
0.330541 0.036889 0.105765 0.013993 0.004098 0.010606 0.173884 0.053727 0.094969 0.175528 
0.031042 0.022887 0.094712 0.051084 0.309817 0.060478 0.106360 0.272998 0.017704 0.032917 
0.124493 0.057999 0.047456 0.584451 0.014686 0.007535 0.050416 0.022723 0.069982 0.020259 
0.091304 0.031976 0.137637 0.155419 0.275435 0.112507 0.116193 0.021234 0.042720 0.015575 
0.035082 0.367468 0.061852 0.182332 0.018519 0.078224 0.072872 0.141242 0.031612 0.010797 
0.062929 0.043784 0.097917 0.036053 0.165930 0.097496 0.060911 0.234124 0.035569 0.165287 
0.051617 0.089971 0.026824 0.011299 0.157690 0.304789 0.072972 0.108797 0.143531 0.032511 
0.314415 0.069652 0.090368 0.012643 0.002344 0.012062 0.108167 0.097390 0.028457 0.264502 
0.054273 0.036725 0.083528 0.066207 0.193474 0.022520 0.074685 0.254186 0.007460 0.206941 
0.284909 0.120399 0.026550 0.157068 0.018473 0.021969 0.050778 0.242894 0.063977 0.012983 
0.142025 0.037876 0.134468 0.021601 0.045438 0.035726 0.353001 0.135967 0.049596 0.044303 
0.024936 0.097818 0.035439 0.036961 0.045224 0.142405 0.067672 0.084864 0.363688 0.100994 
0.276003 0.047705 0.028548 0.065194 0.011097 0.003255 0.462352 0.011518 0.050847 0.043483 
0.006008 0.276387 0.077076 0.163184 0.004319 0.063781 0.016657 0.009700 0.375351 0.007536 
0.039885 0.009478 0.010493 0.462722 0.037412 0.006733 0.184245 0.018299 0.076405 0.154329 
0.026163 0.027009 0.095614 0.041266 0.008395 0.011382 0.040581 0.013015 0.703687 0.032886 
0.200399 0.291678 0.027643 0.010632 0.087342 0.106644 0.161501 0.038078 0.043337 0.032746 
0.099422 0.487312 0.112291 0.035878 0.039411 0.018529 0.064137 0.063535 0.049584 0.029900 
0.226300 0.314600 0.242164 0.008452 0.018047 0.035860 0.037832 0.039231 0.017021 0.060495 
0.026095 0.085809 0.032297 0.020216 0.122075 0.037422 0.299425 0.261058 0.023628 0.091974 
0.165830 0.011253 0.097584 0.029997 0.044387 0.044888 0.013398 0.160513 0.004201 0.427950 
0.023833 0.097732 0.033711 0.010511 0.053628 0.035492 0.024429 0.605909 0.007065 0.107690 
0.127759 0.025877 0.089681 0.007132 0.382914 0.034857 0.073984 0.080055 0.019770 0.157970 
0.040155 0.013957 0.037299 0.013282 0.099511 0.011290 0.245802 0.395513 0.036769 0.106420 
0.021689 0.009010 0.279996 0.175454 0.007054 0.247387 0.003657 0.001159 0.167052 0.087541 
0.242455 0.027250 0.045032 0.009400 0.049538 0.113608 0.375041 0.095726 0.018939 0.023011 
0.114763 0.023689 0.230074 0.006537 0.140488 0.030763 0.080392 0.302537 0.027775 0.042982 
0.263209 0.033972 0.131432 0.042250 0.107495 0.037950 0.113152 0.184018 0.007217 0.079306 
0.278579 0.022558 0.038453 0.032408 0.027028 0.104185 0.002559 0.129245 0.072085 0.292899 
0.034961 0.142525 0.055754 0.152679 0.105428 0.047234 0.024692 0.122735 0.020876 0.293117 
0.166684 0.010222 0.095277 0.064906 0.069521 0.031920 0.055479 0.061628 0.005521 0.438842 
0.071627 0.020221 0.238121 0.286329 0.029224 0.213874 0.005750 0.011186 0.088114 0.035553 
0.056088 0.187554 0.071117 0.044221 0.076037 0.244081 0.050034 0.003396 0.264531 0.002940 
0.084472 0.041095 0.070175 0.298690 0.091877 0.015204 0.101680 0.019396 0.272059 0.005351 
0.043331 0.014710 0.024450 0.049756 0.083047 0.048712 0.373524 0.018679 0.251434 0.092357 
0.012424 0.259771 0.113564 0.036598 0.037719 0.229958 0.047564 0.030772 0.194980 0.036649 
0.100898 0.066129 0.065113 0.249516 0.032623 0.045133 0.045328 0.167773 0.089574 0.137912 
0.038674 0.067419 0.143047 0.124663 0.013364 0.105385 0.009967 0.066942 0.168788 0.261751 
0.049693 0.027766 0.093134 0.120779 0.103422 0.028783 0.336477 0.164700 0.023566 0.051680 
0.048836 0.186592 0.037492 0.263382 0.068744 0.139863 0.026684 0.063022 0.040473 0.124911 
0.027147 0.107542 0.089541 0.052196 0.028342 0.322765 0.078905 0.107271 0.152643 0.033649 
0.072307 0.017435 0.180237 0.227329 0.010109 0.018887 0.013058 0.011038 0.444621 0.004979 
0.088435 0.023490 0.129524 0.469809 0.016641 0.051247 0.020624 0.031713 0.081588 0.086928 
0.067674 0.035850 0.055339 0.051987 0.323152 0.202950 0.166221 0.029822 0.014674 0.052330 
0.041747 0.102667 0.055807 0.182662 0.135571 0.142965 0.145204 0.089064 0.052632 0.051681 
0.471846 0.016075 0.025437 0.079453 0.013876 0.003872 0.255268 0.012198 0.049697 0.072279 
0.076876 0.197999 0.078750 0.052148 0.079324 0.226552 0.079305 0.091572 0.069216 0.048257 
0.119370 0.129095 0.054936 0.034861 0.057415 0.012371 0.054035 0.288598 0.186229 0.063090 
0.105986 0.061064 0.062195 0.029552 0.443300 0.031906 0.103508 0.069881 0.054154 0.038455 
0.086352 0.156518 0.177285 0.080574 0.057497 0.042775 0.046434 0.011153 0.323840 0.017571 
0.056520 0.106432 0.101352 0.178815 0.189666 0.031693 0.116603 0.074685 0.114752 0.029483 
0.021995 0.126086 0.052550 0.030353 0.165683 0.180024 0.098497 0.129877 0.024070 0.170865 
0.039379 0.073545 0.056653 0.146022 0.169426 0.032172 0.139941 0.023296 0.307638 0.011928 
0.040105 0.039833 0.088455 0.512528 0.023502 0.026579 0.104840 0.010360 0.121101 0.032696 
0.082562 0.042028 0.189605 0.386127 0.085465 0.025964 0.023962 0.057926 0.043297 0.063065 
0.112590 0.060873 0.252816 0.028854 0.178280 0.055042 0.145726 0.059111 0.052810 0.053900 
0.119389 0.109480 0.142020 0.085432 0.029139 0.110732 0.034362 0.090108 0.254645 0.024694 
0.109870 0.024939 0.103432 0.097801 0.172501 0.075964 0.087825 0.011206 0.293563 0.022899 
0.037330 0.040226 0.088430 0.616984 0.049208 0.023751 0.024319 0.046162 0.054787 0.018803 
0.046027 0.158168 0.044303 0.022441 0.049741 0.044877 0.160717 0.131648 0.232976 0.109102 
0.146854 0.042397 0.042990 0.014345 0.084123 0.261997 0.125810 0.134604 0.136216 0.010663 
0.033891 0.181898 0.060953 0.013867 0.252682 0.077945 0.174282 0.185050 0.007736 0.011696 
0.429513 0.073552 0.079452 0.111184 0.101956 0.053635 0.030612 0.046859 0.016435 0.056804 
0.052532 0.105696 0.047239 0.073191 0.036768 0.391332 0.066367 0.060528 0.147969 0.018378 
0.033174 0.105990 0.068204 0.031160 0.047680 0.563110 0.069893 0.040118 0.025971 0.014701 
0.249951 0.003593 0.102458 0.038057 0.029589 0.009973 0.022129 0.046203 0.003507 0.494538 
0.082941 0.017495 0.048503 0.180685 0.189768 0.027284 0.391705 0.003263 0.051151 0.007205 
0.098915 0.020659 0.487040 0.117075 0.004085 0.018182 0.004825 0.016519 0.173308 0.059392 
0.019756 0.161981 0.206131 0.008485 0.011724 0.004231 0.033736 0.483549 0.019990 0.050417 
0.006933 0.002618 0.017466 0.046764 0.023103 0.014319 0.128962 0.015482 0.683209 0.061144 
0.217915 0.012815 0.043322 0.017965 0.207360 0.019510 0.298270 0.133257 0.026267 0.023319 
0.174529 0.051573 0.056031 0.107946 0.045104 0.331703 0.016283 0.081258 0.008825 0.126748 
0.071128 0.157318 0.028064 0.013642 0.048412 0.490172 0.133255 0.029505 0.019795 0.008710 
0.020618 0.171972 0.058513 0.226690 0.077799 0.246562 0.013078 0.026441 0.105710 0.052618 
0.124612 0.023361 0.052926 0.008691 0.003500 0.005927 0.104886 0.403515 0.030576 0.242007 
0.110216 0.244376 0.111917 0.270243 0.056599 0.023747 0.103390 0.040738 0.025864 0.012910 
0.150888 0.031045 0.121571 0.010364 0.326924 0.037160 0.178340 0.121622 0.017379 0.004707 
0.020049 0.038912 0.175418 0.305007 0.042728 0.046650 0.028321 0.064148 0.052943 0.225826 
0.017229 0.066939 0.139295 0.095566 0.053821 0.222136 0.095072 0.120334 0.141260 0.048350 
0.101612 0.098641 0.052084 0.078564 0.209750 0.067479 0.174298 0.107497 0.077994 0.032081 
0.151590 0.002559 0.028958 0.019224 0.139072 0.279499 0.021380 0.028311 0.025523 0.303883 
0.136085 0.035776 0.033469 0.043764 0.022371 0.026592 0.531049 0.039780 0.089079 0.042034 
0.016894 0.458596 0.034204 0.083309 0.024914 0.068880 0.060453 0.058271 0.124756 0.069724 
0.007734 0.059148 0.022000 0.014947 0.022395 0.064640 0.070411 0.398179 0.042297 0.298248 
0.044108 0.043778 0.136246 0.016113 0.251118 0.113562 0.126762 0.190244 0.013882 0.064187 
0.058615 0.005453 0.091703 0.149320 0.079429 0.147857 0.052038 0.027005 0.055752 0.332826 
0.374796 0.021708 0.082858 0.068153 0.095211 0.208825 0.018952 0.014372 0.017781 0.097345 
0.029308 0.020181 0.027896 0.011792 0.045389 0.216939 0.342289 0.240652 0.037326 0.028228 
0.035375 0.151619 0.056418 0.088349 0.176686 0.098368 0.097521 0.192198 0.073100 0.030367 
0.112662 0.077775 0.169283 0.089994 0.142799 0.045795 0.250545 0.033574 0.053882 0.023691 
0.034578 0.017680 0.016110 0.058043 0.157276 0.021893 0.046900 0.536711 0.022151 0.088658 
0.139459 0.026142 0.233183 0.023958 0.257740 0.061628 0.056017 0.060475 0.093481 0.047916 
0.224066 0.164715 0.081148 0.028972 0.040039 0.005225 0.114973 0.187425 0.055739 0.097697 
0.107664 0.066740 0.062207 0.015300 0.118479 0.237832 0.207289 0.033995 0.143974 0.006520 
0.077565 0.016626 0.111934 0.049631 0.037299 0.065173 0.111163 0.102244 0.012262 0.416103 
0.071691 0.070419 0.074348 0.018583 0.227475 0.092191 0.239800 0.078680 0.017918 0.108896 
0.048807 0.036496 0.166267 0.155881 0.154322 0.023892 0.115297 0.228517 0.055827 0.014694 
0.012527 0.097558 0.063135 0.038297 0.011349 0.024599 0.018255 0.348679 0.007204 0.378397 
0.089935 0.207493 0.183435 0.054420 0.029132 0.012714 0.122130 0.120937 0.082052 0.097754 
0.049088 0.066613 0.091858 0.066158 0.236534 0.147629 0.075230 0.057351 0.013355 0.196184 
0.133515 0.223318 0.023679 0.040416 0.021771 0.102038 0.222877 0.005506 0.199018 0.027861 
0.021067 0.169854 0.151451 0.137340 0.005839 0.138121 0.031332 0.011531 0.278573 0.054892 
0.049015 0.016715 0.165314 0.238910 0.025746 0.037628 0.021025 0.102632 0.149821 0.193194 
0.034682 0.031836 0.127314 0.367932 0.009987 0.019104 0.024993 0.004110 0.373392 0.006650 
0.024142 0.013492 0.055227 0.111985 0.012065 0.576707 0.002551 0.005482 0.169598 0.028751 
0.059888 0.098103 0.064062 0.280403 0.112739 0.080146 0.076833 0.078411 0.135182 0.014235 
0.116939 0.015076 0.185966 0.274765 0.020575 0.067286 0.009500 0.070657 0.159667 0.079568 
0.030368 0.125931 0.113078 0.154610 0.165771 0.106099 0.151917 0.065684 0.047270 0.039273 
0.032793 0.193820 0.051581 0.108963 0.252314 0.085088 0.125529 0.126695 0.010760 0.012459 
0.144794 0.025948 0.186676 0.015687 0.039479 0.037115 0.060182 0.305371 0.046309 0.138441 
0.272816 0.019383 0.048176 0.010347 0.044369 0.002777 0.329868 0.078345 0.123390 0.070529 
0.123610 0.049861 0.200714 0.244921 0.072898 0.098292 0.037913 0.026853 0.129129 0.015808 
0.115161 0.284636 0.005198 0.035806 0.038161 0.012220 0.424593 0.009119 0.071981 0.003127 
0.057303 0.012020 0.064324 0.109114 0.200796 0.020194 0.048481 0.088677 0.020935 0.378156 
0.087792 0.135545 0.075998 0.102997 0.225186 0.027200 0.134903 0.056399 0.117698 0.036282 
0.168458 0.100207 0.085563 0.084888 0.029622 0.016695 0.055268 0.035095 0.085043 0.339160 
0.062351 0.078104 0.074434 0.279632 0.047703 0.099582 0.142599 0.069110 0.115959 0.030527 
0.059098 0.017048 0.131457 0.098431 0.002057 0.021879 0.037346 0.079015 0.473701 0.079968 
0.062413 0.100375 0.182687 0.039580 0.150847 0.119819 0.040437 0.138545 0.026982 0.138316 
0.034549 0.050993 0.070010 0.050347 0.333482 0.032366 0.062427 0.191633 0.022184 0.152009 
0.026145 0.044804 0.039346 0.049178 0.064861 0.067575 0.027683 0.013456 0.524197 0.142755 
0.060772 0.235559 0.063048 0.109604 0.273990 0.036718 0.065224 0.048259 0.072488 0.034338 
0.131716 0.119573 0.037535 0.044881 0.026231 0.131124 0.053994 0.010060 0.400680 0.044204 
0.248449 0.013339 0.131438 0.080533 0.011008 0.019214 0.002144 0.010888 0.453876 0.029112 
0.018671 0.077564 0.017404 0.062978 0.078409 0.026531 0.030864 0.157050 0.008432 0.522098 
0.036811 0.146178 0.048059 0.099316 0.115693 0.082640 0.041910 0.054371 0.329757 0.045265 
0.071964 0.146818 0.063560 0.097774 0.234588 0.120215 0.093476 0.097506 0.045456 0.028642 
0.115363 0.169974 0.119469 0.143709 0.037161 0.030719 0.072308 0.156050 0.127856 0.027391 
0.051879 0.044856 0.071812 0.026142 0.035837 0.101637 0.091063 0.187107 0.375491 0.014176 
0.016128 0.009555 0.024514 0.035470 0.004042 0.010216 0.001345 0.044128 0.005642 0.848960 
0.107869 0.056316 0.140091 0.148221 0.160502 0.040902 0.068552 0.112254 0.116351 0.048942 
0.154557 0.010009 0.331344 0.034843 0.003830 0.039160 0.004060 0.035171 0.268372 0.118654 
0.029441 0.119797 0.048079 0.284709 0.007379 0.015229 0.086357 0.055871 0.283711 0.069429 
0.045264 0.040990 0.150030 0.093977 0.006590 0.041176 0.003538 0.155096 0.422047 0.041293 
0.022130 0.024324 0.383808 0.184534 0.003399 0.030139 0.024515 0.012025 0.276598 0.038528 
0.018239 0.100984 0.078872 0.029670 0.302017 0.081885 0.090525 0.208082 0.003790 0.085936 
0.261255 0.033214 0.071469 0.008502 0.136450 0.081949 0.058359 0.132351 0.026355 0.190096 
0.044922 0.201572 0.119704 0.115240 0.190345 0.071663 0.033605 0.072962 0.118206 0.031782 
0.133141 0.149478 0.140189 0.068483 0.131869 0.182943 0.047409 0.090518 0.032431 0.023539 
0.186532 0.028863 0.021182 0.040605 0.034170 0.022045 0.090568 0.447608 0.047198 0.081229 
0.028338 0.130239 0.059494 0.048279 0.169063 0.197557 0.188609 0.102719 0.045358 0.030344 
0.124020 0.068132 0.140769 0.047875 0.316708 0.081194 0.035529 0.064182 0.060900 0.060691 
0.074586 0.113759 0.080763 0.138728 0.271444 0.040274 0.087211 0.068525 0.038027 0.086683 
0.062637 0.051795 0.238578 0.044369 0.129718 0.117613 0.005592 0.232823 0.081987 0.034888 
0.150771 0.017322 0.177205 0.092099 0.051994 0.114983 0.019623 0.036747 0.063541 0.275715 
0.051250 0.005412 0.386742 0.158852 0.068114 0.054838 0.047581 0.033025 0.177565 0.016621 
0.045262 0.011806 0.080568 0.101035 0.041748 0.140348 0.010310 0.256724 0.075803 0.236396 
0.090012 0.015967 0.329319 0.079445 0.313130 0.032123 0.011526 0.061967 0.028038 0.038474 
0.033844 0.049230 0.230341 0.087155 0.013368 0.332482 0.007227 0.011521 0.168613 0.066220 
0.190649 0.114398 0.506590 0.027259 0.004997 0.017536 0.016150 0.025152 0.030133 0.067138 
0.023846 0.167861 0.034867 0.054685 0.034669 0.286196 0.042176 0.092093 0.215939 0.047667 
0.056762 0.082050 0.095562 0.010645 0.107649 0.157087 0.194286 0.246103 0.009882 0.039974 
0.059070 0.149755 0.071608 0.234550 0.097945 0.032742 0.240150 0.069312 0.028912 0.015957 
0.030296 0.044355 0.113948 0.135134 0.066588 0.255542 0.046320 0.015257 0.260534 0.032024 
0.072535 0.133537 0.068251 0.139276 0.141958 0.120150 0.159506 0.082952 0.039071 0.042765 
0.052129 0.105642 0.083393 0.021746 0.407996 0.034794 0.186674 0.080806 0.008805 0.018016 
0.030042 0.025365 0.042208 0.005187 0.025550 0.013534 0.015113 0.765090 0.023830 0.054081 
0.113272 0.044040 0.033435 0.022832 0.037045 0.124880 0.222528 0.308680 0.009945 0.083343 
0.071539 0.051138 0.196904 0.042180 0.012672 0.007271 0.191872 0.020691 0.287569 0.118164 
0.139512 0.271666 0.063986 0.015775 0.027248 0.030698 0.139182 0.078811 0.170884 0.062238 
0.050753 0.092803 0.074994 0.046556 0.050057 0.231439 0.150546 0.162129 0.100240 0.040483 
0.093087 0.105740 0.014951 0.021915 0.100680 0.024047 0.207118 0.092397 0.222585 0.117480 
0.020094 0.100553 0.137335 0.199976 0.040132 0.038543 0.052511 0.019778 0.335662 0.055416 
0.026411 0.032733 0.097456 0.337534 0.007368 0.021724 0.048369 0.004033 0.392255 0.032118 
0.132894 0.189506 0.145557 0.119997 0.066762 0.072767 0.059455 0.092285 0.098173 0.022604 
0.360396 0.003936 0.188212 0.122720 0.022352 0.037631 0.001351 0.004260 0.155174 0.103967 
0.036227 0.072504 0.038646 0.535053 0.057987 0.025118 0.021665 0.041491 0.054829 0.116479 
0.034519 0.108609 0.064191 0.065468 0.172569 0.154265 0.245286 0.085679 0.035225 0.034188 
0.211066 0.006166 0.081335 0.012406 0.099973 0.028670 0.269860 0.212373 0.071723 0.006428 
0.024915 0.042983 0.063895 0.060174 0.185403 0.047469 0.028187 0.248044 0.013757 0.285173 
0.075688 0.049555 0.059351 0.320252 0.049137 0.010024 0.375370 0.038001 0.013288 0.009336 
0.459750 0.103126 0.035119 0.009892 0.011272 0.012318 0.032375 0.208198 0.013625 0.114324 
0.055808 0.095356 0.037878 0.027818 0.066594 0.040156 0.452133 0.010752 0.122892 0.090614 
0.145607 0.028162 0.145698 0.086349 0.243641 0.143076 0.112726 0.039026 0.022688 0.033027 
0.089474 0.069600 0.068693 0.079563 0.064631 0.011999 0.028587 0.370709 0.072114 0.144631 
0.007805 0.014293 0.033646 0.510092 0.006409 0.031539 0.015477 0.002040 0.357088 0.021611 
0.033707 0.038326 0.216207 0.040681 0.311801 0.029138 0.060022 0.145607 0.017980 0.106531 
0.034394 0.007008 0.033888 0.664662 0.018002 0.021260 0.122874 0.007712 0.054287 0.035914 
0.339981 0.054580 0.080707 0.110388 0.009773 0.035406 0.004696 0.173946 0.047726 0.142799 
0.119701 0.033268 0.164449 0.090448 0.168827 0.009237 0.133197 0.188105 0.069853 0.022915 
0.032613 0.133501 0.061840 0.105228 0.133702 0.170790 0.207935 0.068826 0.051402 0.034163 
0.022600 0.093050 0.049117 0.013790 0.085881 0.085609 0.085918 0.351639 0.019636 0.192760 
0.077787 0.070081 0.084623 0.133453 0.082155 0.076266 0.201655 0.134587 0.115623 0.023771 
0.414716 0.016022 0.033233 0.026027 0.021228 0.006663 0.057287 0.056281 0.023710 0.344834 
0.264967 0.013180 0.048875 0.338364 0.010817 0.012939 0.009210 0.011748 0.185293 0.104608 
0.019492 0.016743 0.018643 0.005209 0.116584 0.018942 0.030898 0.679108 0.005044 0.089338 
0.005445 0.138496 0.018534 0.008663 0.055086 0.398085 0.046057 0.148012 0.147238 0.034383 
0.133023 0.070392 0.075620 0.159628 0.062790 0.033139 0.087685 0.064470 0.221322 0.091930 
0.028116 0.116168 0.090886 0.216072 0.160698 0.019983 0.299318 0.024364 0.037762 0.006633 
0.022092 0.027469 0.080914 0.547370 0.095997 0.049930 0.026633 0.011003 0.078319 0.060274 
0.084687 0.052834 0.101941 0.006220 0.184911 0.109130 0.086207 0.347886 0.002660 0.023524 
0.026472 0.257600 0.056968 0.071802 0.179847 0.119996 0.164091 0.090703 0.013232 0.019289 
0.094738 0.227914 0.042380 0.241772 0.008402 0.078250 0.072829 0.026876 0.165319 0.041521 
0.133351 0.021934 0.122396 0.001566 0.143248 0.018251 0.102279 0.269748 0.006469 0.180758 
0.183721 0.028476 0.080830 0.101111 0.308553 0.046507 0.096811 0.088282 0.053899 0.011809 
0.065893 0.043581 0.242504 0.039501 0.077738 0.079817 0.060639 0.266484 0.076366 0.047476 
0.141376 0.059038 0.035881 0.075824 0.105720 0.128076 0.165556 0.121110 0.079879 0.087540 
0.519406 0.060529 0.008114 0.054714 0.009301 0.008671 0.026946 0.130818 0.172208 0.009291 
0.025413 0.095757 0.054647 0.151420 0.033087 0.125952 0.074960 0.205377 0.191458 0.041929 
0.041326 0.162862 0.042880 0.109900 0.042861 0.037371 0.207826 0.081931 0.162928 0.110114 
0.014590 0.062597 0.024947 0.027682 0.057756 0.056233 0.014218 0.225923 0.071907 0.444145 
0.012037 0.418077 0.059897 0.109480 0.073900 0.090565 0.037681 0.058254 0.085721 0.054388 
0.050850 0.180622 0.075042 0.055453 0.059535 0.118138 0.075154 0.176597 0.160639 0.047970 
0.158748 0.023645 0.146705 0.368700 0.002888 0.016094 0.046969 0.030453 0.153923 0.051875 
0.092388 0.004046 0.064760 0.061036 0.079552 0.104170 0.030022 0.064889 0.089431 0.409708 
0.048216 0.109111 0.090338 0.042453 0.008654 0.017077 0.064370 0.009271 0.600733 0.009779 
0.120192 0.161308 0.088616 0.354234 0.015010 0.022169 0.124355 0.035998 0.063920 0.014200 
0.234338 0.110748 0.055496 0.011930 0.005365 0.022390 0.062406 0.026963 0.326953 0.143409 
0.046322 0.011615 0.038171 0.003366 0.015865 0.006321 0.242973 0.608539 0.002903 0.023925 
0.030828 0.058519 0.398011 0.325454 0.017811 0.040956 0.014536 0.012990 0.092056 0.008840 
0.056768 0.265020 0.066401 0.286362 0.007359 0.023190 0.049499 0.057745 0.160777 0.026878 
0.059559 0.074182 0.075945 0.014811 0.016137 0.040068 0.064567 0.573910 0.040579 0.040241 
0.129698 0.188705 0.113627 0.163191 0.020791 0.157437 0.049517 0.042165 0.124654 0.010215 
0.027336 0.112277 0.055085 0.015184 0.031994 0.012447 0.049562 0.190884 0.005462 0.499767 
0.285110 0.097494 0.023848 0.049522 0.055854 0.040838 0.345424 0.011795 0.075239 0.014877 
0.326134 0.045061 0.147490 0.178672 0.113382 0.016687 0.027749 0.012898 0.108163 0.023766 
0.030761 0.140648 0.056076 0.028302 0.029157 0.567698 0.074152 0.051318 0.013367 0.008520 
0.107463 0.023701 0.135816 0.011887 0.334361 0.042573 0.099531 0.154688 0.023035 0.066946 
0.047323 0.055966 0.021451 0.009406 0.037204 0.374654 0.362378 0.040559 0.031396 0.019662 
0.772561 0.081553 0.010447 0.061248 0.010222 0.007485 0.028163 0.009561 0.017320 0.001440 
0.248194 0.021455 0.183744 0.175761 0.020287 0.008333 0.187065 0.040350 0.028842 0.085970 
0.017165 0.055842 0.092402 0.105787 0.006183 0.023863 0.007551 0.003014 0.666889 0.021304 
0.041191 0.247017 0.071425 0.094080 0.124473 0.127609 0.119552 0.117654 0.029145 0.027853 
0.543816 0.011283 0.010102 0.004910 0.001146 0.002533 0.004225 0.092162 0.136566 0.193256 
0.019078 0.060588 0.028182 0.006600 0.057377 0.036603 0.024419 0.416195 0.007078 0.343880 
0.019443 0.049849 0.025930 0.018493 0.004428 0.020440 0.019091 0.005258 0.829157 0.007911 
0.038018 0.141792 0.060142 0.091161 0.035432 0.330674 0.068981 0.074603 0.129873 0.029323 
0.044473 0.074019 0.040394 0.296062 0.117647 0.013152 0.289972 0.026733 0.064421 0.033127 
0.017697 0.085293 0.049159 0.107422 0.489576 0.164684 0.019844 0.022380 0.024999 0.018947 
0.150482 0.053130 0.044550 0.018912 0.327221 0.022963 0.061471 0.181815 0.015450 0.124006 
0.136611 0.112557 0.189866 0.023069 0.058836 0.137922 0.015708 0.235066 0.047814 0.042551 
0.036818 0.053570 0.298247 0.326810 0.007779 0.014797 0.046270 0.050591 0.077163 0.087954 
0.122289 0.003500 0.069621 0.005676 0.235919 0.055300 0.009818 0.076048 0.003332 0.418498 
0.128721 0.052964 0.288802 0.025826 0.080723 0.050463 0.051018 0.101034 0.016532 0.203917 
0.063223 0.163759 0.097623 0.366860 0.014122 0.024016 0.084902 0.045439 0.121684 0.018373 
0.046540 0.142641 0.067195 0.205441 0.147385 0.085160 0.131360 0.079012 0.055657 0.039611 
0.135032 0.008984 0.079110 0.234740 0.246113 0.045555 0.064938 0.059432 0.016472 0.109623 
0.173431 0.015191 0.160111 0.035078 0.002897 0.145970 0.000656 0.039410 0.086144 0.341113 
0.037052 0.023944 0.023405 0.061872 0.023129 0.047809 0.264978 0.019769 0.336008 0.162034 
0.241734 0.059191 0.055151 0.022100 0.143735 0.147813 0.257005 0.026525 0.040349 0.006399 
0.029240 0.060563 0.258427 0.216940 0.052209 0.033656 0.041478 0.173567 0.120963 0.012956 
0.017479 0.028288 0.097231 0.295563 0.027093 0.038858 0.046665 0.033654 0.284378 0.130791 
0.017811 0.141635 0.069022 0.041234 0.214148 0.206743 0.054792 0.096404 0.126117 0.032094 
0.062188 0.019497 0.040270 0.512053 0.017917 0.013082 0.043798 0.027876 0.150831 0.112487 
0.063603 0.012590 0.197336 0.017341 0.049929 0.016701 0.014014 0.042860 0.027517 0.558109 
0.037684 0.135419 0.053227 0.056024 0.019230 0.222508 0.057076 0.126539 0.267790 0.024501 
0.045524 0.022552 0.023093 0.079407 0.276318 0.008423 0.292823 0.218381 0.023583 0.009896 
0.166088 0.015019 0.144408 0.326540 0.016562 0.004785 0.052565 0.035229 0.058135 0.180670 
0.054353 0.016852 0.089287 0.168430 0.025189 0.040362 0.073400 0.070044 0.051454 0.410627 
0.448066 0.050981 0.072692 0.039732 0.036901 0.070644 0.010251 0.039349 0.038639 0.192745 
0.102818 0.063930 0.204220 0.066466 0.085576 0.070777 0.060782 0.125130 0.153507 0.066794 
0.084719 0.052688 0.083217 0.188957 0.294246 0.023723 0.112741 0.069692 0.063919 0.026099 
0.067433 0.105830 0.098019 0.215455 0.139622 0.059600 0.080988 0.068291 0.139178 0.025585 
0.069803 0.209792 0.030317 0.092889 0.123411 0.048743 0.136860 0.076525 0.171642 0.040017 
0.150458 0.147378 0.044712 0.048977 0.012932 0.016421 0.197137 0.072016 0.226677 0.083291 
0.081905 0.087791 0.045626 0.066180 0.087490 0.065822 0.222154 0.065624 0.238365 0.039043 
0.084729 0.041277 0.203960 0.120409 0.151627 0.192135 0.069828 0.009098 0.101343 0.025595 
0.021829 0.356812 0.067794 0.044076 0.038622 0.148628 0.039353 0.173352 0.051520 0.058015 
0.232307 0.006339 0.087305 0.056971 0.166733 0.009796 0.074676 0.057180 0.008736 0.299957 
0.296355 0.022786 0.134232 0.044603 0.102099 0.026172 0.114918 0.012281 0.236024 0.010531 
0.069376 0.094008 0.042691 0.291217 0.232349 0.028218 0.148009 0.029513 0.049669 0.014949 
0.022053 0.026208 0.011693 0.021587 0.051992 0.017002 0.696749 0.095437 0.010665 0.046615 
0.029435 0.029016 0.006397 0.002348 0.014394 0.013181 0.088104 0.741398 0.007734 0.067995 
0.027767 0.095530 0.070903 0.087624 0.024821 0.350246 0.075164 0.062219 0.183362 0.022363 
0.205176 0.038915 0.298515 0.097500 0.090499 0.017726 0.048869 0.019740 0.159850 0.023209 
0.032778 0.124339 0.271014 0.086047 0.004244 0.134151 0.003670 0.064056 0.096703 0.182997 
0.167805 0.005365 0.101678 0.414644 0.022679 0.006321 0.020449 0.075711 0.052335 0.133014 
0.117813 0.017959 0.048226 0.004556 0.509070 0.022328 0.228617 0.030515 0.010979 0.009937 
0.017351 0.151964 0.065779 0.137341 0.024217 0.007827 0.475212 0.024939 0.049113 0.046257 
0.012494 0.113765 0.046080 0.050440 0.057399 0.184519 0.057806 0.191647 0.201195 0.084656 
0.037809 0.081331 0.180458 0.098759 0.078016 0.015605 0.223315 0.073620 0.116047 0.095041 
0.010356 0.004860 0.274087 0.610767 0.006409 0.007761 0.001629 0.005176 0.050798 0.028157 
0.038932 0.139930 0.060879 0.052647 0.059197 0.080606 0.298523 0.058010 0.157627 0.053647 
0.209366 0.053250 0.382025 0.054002 0.021828 0.027508 0.040494 0.088958 0.046497 0.076071 
0.017089 0.022537 0.036227 0.088053 0.006117 0.009307 0.020629 0.002488 0.747629 0.049923 
0.135914 0.036755 0.060136 0.084762 0.198439 0.086574 0.146534 0.042476 0.189188 0.019223 
0.052080 0.155460 0.087298 0.294835 0.023907 0.014142 0.117528 0.136728 0.105394 0.012627 
0.020965 0.069267 0.150476 0.366823 0.010428 0.013044 0.113709 0.011645 0.220426 0.023216 
0.034446 0.045746 0.066772 0.136181 0.262324 0.016137 0.292609 0.047312 0.017130 0.081344 
0.353832 0.048612 0.101644 0.044965 0.045132 0.055949 0.076286 0.023525 0.237296 0.012760 
0.099729 0.106853 0.033511 0.016210 0.155902 0.025933 0.140243 0.251608 0.004056 0.165954 
0.058289 0.009072 0.042159 0.022528 0.385335 0.086255 0.250040 0.064290 0.019196 0.062836 
0.062690 0.048059 0.140713 0.135373 0.087227 0.046316 0.177762 0.220451 0.069348 0.012061 
0.046707 0.166845 0.066455 0.151473 0.060304 0.026393 0.072762 0.194837 0.200875 0.013348 
0.047495 0.044276 0.360275 0.036406 0.079787 0.042447 0.054327 0.132149 0.083773 0.119066 
0.066256 0.084246 0.136931 0.102088 0.030336 0.181001 0.073201 0.009654 0.301037 0.015250 
0.025183 0.006912 0.164300 0.110512 0.153110 0.227087 0.002762 0.059665 0.094427 0.156041 
0.092711 0.020488 0.306086 0.119640 0.032628 0.008812 0.032108 0.117340 0.256637 0.013550 
0.017808 0.070689 0.038434 0.108742 0.038275 0.034826 0.177174 0.064297 0.425248 0.024506 
0.100504 0.032300 0.243038 0.037304 0.103651 0.263281 0.037728 0.043828 0.003276 0.135091 
0.109511 0.001524 0.416004 0.111769 0.212288 0.063525 0.016097 0.014498 0.011796 0.042988 
0.045744 0.094396 0.174668 0.273127 0.057079 0.215155 0.007729 0.027710 0.088836 0.015554 
0.073284 0.075127 0.170520 0.043027 0.031785 0.045036 0.102953 0.024316 0.411945 0.022006 
0.019902 0.017485 0.246014 0.168312 0.026728 0.319810 0.049738 0.007612 0.079642 0.064757 
0.054348 0.083193 0.111740 0.395362 0.108740 0.021438 0.031241 0.086692 0.086506 0.020740 
0.085532 0.055865 0.123131 0.065356 0.249696 0.075622 0.029157 0.103871 0.027151 0.184619 
0.108999 0.014762 0.079915 0.021200 0.123130 0.042156 0.039384 0.124332 0.028476 0.417646 
0.024678 0.147585 0.065620 0.180437 0.042729 0.148463 0.073663 0.072951 0.177940 0.065934 
0.073749 0.113777 0.289657 0.081478 0.009411 0.123785 0.005517 0.003261 0.296018 0.003348 
0.091694 0.028665 0.151076 0.186496 0.025593 0.058512 0.017800 0.094615 0.297377 0.048172 
0.077827 0.082486 0.022351 0.051680 0.149419 0.030086 0.496979 0.016321 0.055909 0.016941 
0.041282 0.137566 0.049100 0.044140 0.073889 0.177116 0.091031 0.198970 0.150674 0.036232 
0.024977 0.038343 0.067871 0.052418 0.119036 0.047657 0.091690 0.474189 0.029247 0.054574 
0.148138 0.010546 0.070817 0.057463 0.100776 0.303317 0.006283 0.102790 0.051033 0.148838 
0.451987 0.075672 0.099544 0.030576 0.024200 0.003505 0.093350 0.070791 0.095310 0.055063 
0.132351 0.050829 0.159895 0.346368 0.035998 0.035578 0.003613 0.099770 0.086538 0.049061 
0.044148 0.067045 0.101616 0.477404 0.044432 0.063402 0.051095 0.021028 0.119566 0.010264 
0.057681 0.162046 0.099576 0.159481 0.323624 0.013351 0.059415 0.013683 0.102395 0.008749 
0.106400 0.018646 0.269275 0.028364 0.241175 0.028028 0.098048 0.124521 0.064058 0.021485 
0.060277 0.098618 0.108683 0.028892 0.043992 0.288603 0.090884 0.121415 0.146001 0.012634 
0.069352 0.021309 0.146615 0.038413 0.108867 0.079594 0.418720 0.058046 0.052012 0.007072 
0.103146 0.011787 0.235732 0.132444 0.196928 0.030492 0.129717 0.040105 0.092057 0.027591 
0.042095 0.289458 0.038120 0.030720 0.011934 0.037176 0.013121 0.041550 0.472920 0.022906 
0.060366 0.299009 0.057743 0.041894 0.017387 0.227933 0.069362 0.070194 0.138091 0.018021 
0.025589 0.094364 0.099672 0.051497 0.052381 0.222669 0.062857 0.150448 0.185039 0.055482 
0.545905 0.017231 0.028321 0.010811 0.005328 0.002281 0.008022 0.082576 0.124283 0.175243 
0.053640 0.120627 0.083113 0.239701 0.026539 0.007565 0.104217 0.072410 0.284307 0.007880 
0.267515 0.003214 0.310698 0.033729 0.184410 0.034382 0.013603 0.088950 0.027757 0.035743 
0.396240 0.030946 0.071366 0.010814 0.084086 0.129295 0.152689 0.060348 0.020371 0.043845 
0.063617 0.081435 0.094558 0.222163 0.156921 0.034777 0.054451 0.091980 0.161487 0.038612 
0.048741 0.317226 0.087139 0.149528 0.041600 0.054523 0.103574 0.087000 0.098987 0.011682 
0.124175 0.107883 0.042986 0.008204 0.160898 0.163087 0.225978 0.132653 0.019184 0.014952 
0.023054 0.298190 0.057321 0.094585 0.176787 0.121649 0.114112 0.091236 0.010543 0.012524 
0.072700 0.111182 0.031035 0.028811 0.052353 0.142798 0.146167 0.203062 0.164772 0.047119 
0.056982 0.207579 0.040182 0.022317 0.044963 0.483416 0.087835 0.029174 0.015872 0.011680 
0.098061 0.076838 0.032943 0.057967 0.069915 0.095675 0.166154 0.044046 0.121032 0.237369 
0.046212 0.071668 0.088765 0.079192 0.163354 0.021858 0.233253 0.092822 0.103300 0.099575 
0.042719 0.017927 0.151322 0.023848 0.421676 0.082273 0.073222 0.109860 0.009318 0.067835 
0.030371 0.128096 0.133696 0.177748 0.125349 0.122839 0.022494 0.107329 0.100913 0.051167 
0.067333 0.213293 0.023298 0.008945 0.044489 0.193146 0.075398 0.321181 0.028388 0.024530 
0.363489 0.005699 0.066868 0.025461 0.023136 0.001597 0.051132 0.047802 0.020362 0.394455 
0.059406 0.090428 0.050193 0.363954 0.083413 0.023525 0.214508 0.027675 0.064773 0.022124 
0.095373 0.117293 0.035576 0.065892 0.112913 0.097551 0.075093 0.180705 0.166581 0.053023 
0.015437 0.295357 0.138711 0.039091 0.005264 0.081360 0.036261 0.063452 0.313047 0.012019 
0.048332 0.018569 0.082365 0.279281 0.018920 0.042242 0.066357 0.082264 0.265537 0.096133 
0.038548 0.362149 0.051680 0.048495 0.089149 0.102746 0.123426 0.122427 0.042325 0.019055 
0.094698 0.083197 0.099435 0.133871 0.287033 0.108025 0.054428 0.044478 0.014928 0.079908 
0.325557 0.034330 0.110096 0.068902 0.039019 0.011589 0.051764 0.148800 0.007494 0.202450 
0.107510 0.049752 0.203076 0.095900 0.001084 0.012560 0.022260 0.130452 0.285388 0.092018 
0.054208 0.086145 0.045572 0.143873 0.169246 0.116789 0.130513 0.066812 0.118638 0.068204 
0.240388 0.022976 0.034501 0.009261 0.029043 0.005002 0.426337 0.008919 0.187296 0.036278 
0.025658 0.005450 0.012378 0.126349 0.013536 0.001313 0.022030 0.026864 0.002936 0.763487 
0.022381 0.136924 0.107542 0.281508 0.041148 0.131278 0.030440 0.031264 0.199847 0.017668 
0.054600 0.030651 0.092251 0.083685 0.045785 0.090639 0.010908 0.409199 0.064454 0.117826 
0.091438 0.476494 0.083934 0.074899 0.015078 0.153364 0.048563 0.033868 0.017682 0.004680 
0.023148 0.365254 0.029904 0.024499 0.135499 0.114234 0.114141 0.148060 0.031780 0.013481 
0.105795 0.019572 0.067128 0.097089 0.053067 0.104093 0.070479 0.260646 0.209572 0.012560 
0.064379 0.020079 0.014236 0.011808 0.409293 0.023457 0.353313 0.033179 0.023789 0.046468 
0.245881 0.007061 0.050457 0.103875 0.055257 0.045721 0.047817 0.034420 0.007944 0.401566 
0.184960 0.012204 0.095763 0.137489 0.347038 0.085177 0.076674 0.020135 0.008926 0.031633 
0.158866 0.000650 0.528639 0.016296 0.020671 0.053915 0.003413 0.026452 0.023798 0.167300 
0.112421 0.156564 0.079390 0.080852 0.066477 0.230044 0.135778 0.079523 0.043781 0.015170 
0.034147 0.026693 0.111684 0.447185 0.010053 0.044534 0.028769 0.011778 0.067660 0.217497 
0.028988 0.133788 0.056421 0.117852 0.268575 0.114853 0.088582 0.142775 0.026131 0.022035 
0.027936 0.046762 0.035025 0.005037 0.108513 0.038958 0.377008 0.291672 0.003762 0.065328 
0.035298 0.233285 0.017677 0.102251 0.070918 0.271721 0.056741 0.024988 0.155276 0.031843 
0.134381 0.112531 0.076541 0.082804 0.117054 0.043614 0.102985 0.200051 0.084265 0.045774 
0.029258 0.252254 0.061576 0.190363 0.035377 0.160762 0.015179 0.013355 0.134993 0.106884 
0.201679 0.017708 0.099802 0.145006 0.005063 0.021558 0.004671 0.012888 0.444918 0.046707 
0.135402 0.352513 0.029973 0.022533 0.015109 0.012508 0.112383 0.091816 0.173473 0.054290 
0.399479 0.082362 0.023126 0.007998 0.026436 0.007334 0.150201 0.252461 0.030119 0.020484 
0.205987 0.064075 0.067626 0.022465 0.020200 0.025210 0.328990 0.016378 0.199187 0.049883 
0.016882 0.010272 0.125914 0.153599 0.015935 0.361441 0.010473 0.001574 0.228365 0.075544 
0.081165 0.015565 0.048361 0.038848 0.029080 0.232836 0.007086 0.277998 0.052186 0.216874 
0.038068 0.029862 0.066898 0.012856 0.019365 0.099450 0.041893 0.043835 0.616695 0.031077 
0.105217 0.129846 0.137507 0.218997 0.041261 0.023664 0.138130 0.045231 0.113133 0.047016 
0.130691 0.083129 0.164526 0.285454 0.090854 0.011913 0.166011 0.019678 0.037702 0.010041 
0.066119 0.022249 0.285413 0.028121 0.034768 0.006812 0.054300 0.016402 0.441247 0.044569 
0.068307 0.014298 0.157065 0.018029 0.195451 0.047364 0.027824 0.133011 0.038694 0.299958 
0.088351 0.021767 0.078719 0.046621 0.324811 0.079217 0.039392 0.030148 0.074107 0.216866 
0.403785 0.092127 0.078284 0.029941 0.001409 0.004389 0.015055 0.052751 0.067499 0.254760 
0.091125 0.049358 0.381000 0.047213 0.119065 0.017384 0.014909 0.050186 0.088822 0.140938 
0.049685 0.151766 0.060378 0.046156 0.040386 0.382811 0.094639 0.071870 0.079774 0.022534 
0.061205 0.032336 0.200371 0.039499 0.129224 0.050905 0.048744 0.019848 0.405010 0.012858 
0.077414 0.182509 0.082933 0.017848 0.011410 0.026381 0.190444 0.046727 0.322586 0.041749 
0.149158 0.247629 0.020160 0.014116 0.113622 0.042743 0.217551 0.128388 0.039875 0.026759 
0.272976 0.055953 0.032297 0.024337 0.032226 0.273272 0.016856 0.003427 0.245228 0.043428 
0.009016 0.024896 0.018732 0.599177 0.021141 0.049822 0.041478 0.013282 0.177810 0.044647 
0.538542 0.002014 0.040489 0.085880 0.001218 0.003417 0.005851 0.011298 0.269171 0.042119 
0.041154 0.146666 0.076763 0.141566 0.177976 0.132682 0.129050 0.091911 0.024033 0.038198 
0.034602 0.292463 0.065834 0.070688 0.033351 0.194445 0.054012 0.072213 0.117298 0.065094 
0.011931 0.050958 0.049110 0.186331 0.036919 0.154670 0.024759 0.014957 0.443542 0.026822 
0.020985 0.084120 0.075944 0.065090 0.039334 0.200855 0.066480 0.166963 0.220145 0.060084 
0.043956 0.123395 0.026957 0.068122 0.169261 0.026737 0.455112 0.022450 0.036134 0.027877 
0.038298 0.007610 0.320519 0.025785 0.071132 0.153766 0.008178 0.048318 0.245466 0.080927 
0.228211 0.004166 0.067489 0.022064 0.122034 0.018121 0.098349 0.321150 0.006532 0.111885 
0.053726 0.046031 0.090821 0.085242 0.032870 0.144600 0.014619 0.245152 0.028964 0.257974 
0.046059 0.053842 0.025619 0.068619 0.108287 0.036365 0.583173 0.012964 0.015479 0.049594 
0.262994 0.008850 0.019418 0.018080 0.428753 0.104256 0.005468 0.009553 0.061925 0.080703 
0.019887 0.029760 0.094328 0.060194 0.137859 0.221176 0.078698 0.242620 0.025220 0.090258 
0.676874 0.018369 0.032908 0.018030 0.008678 0.011106 0.003092 0.030577 0.020096 0.180270 
0.119151 0.120285 0.088595 0.011859 0.023268 0.040952 0.235154 0.162891 0.172152 0.025692 
0.038679 0.004920 0.213099 0.288141 0.055512 0.026719 0.256114 0.033726 0.057295 0.025796 
0.100679 0.154293 0.023959 0.034478 0.064767 0.063509 0.383646 0.111281 0.015771 0.047616 
0.225183 0.009678 0.176847 0.113381 0.077436 0.039708 0.168471 0.025573 0.011421 0.152302 
0.028076 0.109234 0.133503 0.219498 0.041788 0.084767 0.006287 0.028328 0.321273 0.027247 
0.036981 0.063999 0.044865 0.008871 0.621207 0.065586 0.065444 0.059820 0.007365 0.025862 
0.139643 0.052207 0.085895 0.077293 0.100272 0.054296 0.138843 0.148265 0.015600 0.187686 
0.049285 0.060759 0.105547 0.100770 0.140455 0.007375 0.044417 0.099665 0.337731 0.053995 
0.413238 0.035921 0.098988 0.017991 0.007763 0.010912 0.001381 0.089737 0.304240 0.019828 
0.022166 0.032458 0.374113 0.158301 0.008340 0.027285 0.035117 0.073928 0.050819 0.217473 
0.038927 0.101543 0.044823 0.320548 0.012459 0.004783 0.326139 0.058857 0.084257 0.007664 
0.045590 0.020063 0.258641 0.280660 0.011781 0.011500 0.021182 0.015511 0.314347 0.020726 
0.014996 0.039998 0.028174 0.016677 0.016996 0.037391 0.014003 0.255972 0.045130 0.530662 
0.031786 0.147684 0.040585 0.066568 0.021542 0.113136 0.107552 0.107662 0.326503 0.036983 
0.014882 0.026366 0.177254 0.535625 0.013802 0.008881 0.007562 0.058628 0.111838 0.045162 
0.396160 0.016700 0.018106 0.009949 0.006665 0.005341 0.004417 0.090095 0.122360 0.330207 
0.111440 0.083851 0.076228 0.050197 0.011570 0.008978 0.023393 0.258777 0.080267 0.295299 
0.026260 0.020177 0.110436 0.358603 0.009191 0.035889 0.016414 0.016399 0.397193 0.009437 
0.022015 0.092245 0.051916 0.059332 0.080626 0.097467 0.052661 0.094037 0.355393 0.094309 
0.054704 0.097882 0.045162 0.397334 0.102794 0.009496 0.121770 0.061489 0.061815 0.047554 
0.036513 0.293010 0.153440 0.048627 0.032030 0.053157 0.062850 0.023917 0.291341 0.005116 
0.012237 0.017955 0.075849 0.071018 0.014204 0.040367 0.068085 0.154881 0.191796 0.353608 
0.168138 0.052395 0.105923 0.058543 0.011473 0.014515 0.185762 0.231326 0.126517 0.045408 
0.024781 0.163160 0.043901 0.085760 0.033060 0.142844 0.046657 0.163592 0.266526 0.029719 
0.069542 0.035001 0.177357 0.070079 0.323981 0.070533 0.074857 0.060599 0.096342 0.021711 
0.152714 0.240878 0.017972 0.026493 0.020932 0.037050 0.268569 0.057377 0.136540 0.041474 
0.060155 0.029453 0.082372 0.054790 0.018871 0.041165 0.007314 0.013489 0.648630 0.043762 
0.024152 0.100984 0.024819 0.437335 0.031647 0.065525 0.009308 0.138818 0.013550 0.153863 
0.019155 0.114965 0.090945 0.202884 0.018858 0.025350 0.035457 0.139562 0.309831 0.042992 
0.037297 0.065655 0.202929 0.365737 0.077741 0.069700 0.008552 0.058559 0.097235 0.016594 
0.141775 0.024094 0.017434 0.172553 0.029484 0.008652 0.138048 0.214011 0.063584 0.190366 
0.060305 0.087959 0.168670 0.029768 0.045278 0.037287 0.025330 0.035707 0.503102 0.006595 
0.042455 0.048028 0.089234 0.076880 0.377248 0.182516 0.026232 0.035324 0.081342 0.040742 
0.015742 0.037845 0.013800 0.115598 0.074497 0.100099 0.038416 0.014717 0.533081 0.056206 
0.118594 0.182871 0.051100 0.030300 0.112174 0.059203 0.345297 0.040633 0.051129 0.008698 
0.059608 0.037143 0.023633 0.032986 0.086117 0.136172 0.017123 0.501062 0.006670 0.099486 
0.041864 0.021462 0.204091 0.212631 0.004511 0.023192 0.027488 0.015643 0.418087 0.031031 
0.214174 0.102274 0.032563 0.014102 0.081215 0.029867 0.084472 0.059999 0.329592 0.051742 
0.036352 0.126106 0.068772 0.139957 0.245112 0.104443 0.116218 0.085712 0.045644 0.031683 
0.249605 0.001693 0.238532 0.073057 0.075390 0.011975 0.180969 0.090218 0.023342 0.055218 
0.087136 0.003554 0.191506 0.042888 0.197404 0.014093 0.173583 0.167186 0.015891 0.106760 
0.135626 0.136119 0.150177 0.034518 0.037043 0.029340 0.150312 0.085565 0.105045 0.136255 
0.020705 0.007311 0.156116 0.414943 0.018735 0.128605 0.028078 0.008719 0.074595 0.142193 
0.083233 0.026456 0.057811 0.032081 0.061243 0.037077 0.092557 0.048815 0.175610 0.385117 
0.028380 0.120776 0.108545 0.027555 0.120978 0.305783 0.163349 0.037431 0.064253 0.022951 
0.147808 0.010865 0.232742 0.016244 0.088823 0.011339 0.064884 0.280963 0.026456 0.119878 
0.164275 0.007078 0.037173 0.080848 0.164503 0.007485 0.421877 0.068632 0.005913 0.042216 
0.283252 0.028157 0.030376 0.034298 0.105206 0.233491 0.073129 0.121736 0.026269 0.064087 
0.018421 0.045885 0.056027 0.014176 0.237421 0.153550 0.119168 0.151766 0.006419 0.197166 
0.038322 0.111383 0.056456 0.124525 0.016043 0.020271 0.214525 0.021761 0.384541 0.012173 
0.039831 0.197565 0.030433 0.053637 0.062077 0.178405 0.086003 0.152355 0.140086 0.059607 
0.099256 0.004248 0.159021 0.070716 0.183857 0.017674 0.032793 0.050343 0.028720 0.353370 
0.096964 0.109703 0.056314 0.289551 0.032713 0.019719 0.006102 0.054615 0.290903 0.043417 
0.187783 0.022295 0.237009 0.057116 0.175754 0.054943 0.073851 0.103712 0.026842 0.060697 
0.031814 0.036432 0.041516 0.026234 0.404199 0.055541 0.322795 0.034577 0.005274 0.041619 
0.093420 0.073838 0.130186 0.034627 0.137049 0.111369 0.061423 0.079094 0.014579 0.264414 
0.039160 0.230044 0.023186 0.041029 0.012208 0.021169 0.308496 0.027386 0.172162 0.125160 
0.450985 0.078151 0.119751 0.006276 0.001365 0.004248 0.004421 0.016100 0.056329 0.262374 
0.032926 0.017157 0.088387 0.090470 0.398815 0.054664 0.205556 0.092434 0.006908 0.012682 
0.085961 0.202686 0.148639 0.162271 0.079163 0.032548 0.024785 0.025232 0.185871 0.052843 
0.185010 0.034246 0.048882 0.027754 0.141227 0.110248 0.278942 0.111664 0.057521 0.004506 
0.349439 0.060046 0.117260 0.027905 0.038601 0.249821 0.014372 0.038845 0.083449 0.020263 
0.031896 0.114207 0.061813 0.075273 0.060030 0.411082 0.045671 0.065195 0.123717 0.011116 
0.024911 0.168892 0.099302 0.113324 0.141312 0.050839 0.065749 0.092979 0.030699 0.211995 
0.034033 0.012648 0.124669 0.082572 0.063165 0.089442 0.011637 0.243348 0.046447 0.292038 
0.375773 0.215939 0.087110 0.022937 0.004523 0.037465 0.025974 0.057493 0.119709 0.053077 
0.016344 0.010895 0.062512 0.045065 0.036726 0.027881 0.018891 0.484356 0.010446 0.286883 
0.348790 0.001410 0.105403 0.003650 0.000298 0.005607 0.000795 0.008459 0.228009 0.297580 
0.046067 0.065968 0.020078 0.052945 0.199014 0.124147 0.235412 0.130471 0.084503 0.041394 
0.045193 0.064585 0.241073 0.072163 0.088562 0.184066 0.082094 0.106765 0.028714 0.086786 
0.210396 0.101141 0.163815 0.138769 0.031353 0.019481 0.059228 0.034771 0.176632 0.064414 
0.024848 0.112265 0.008789 0.245481 0.021653 0.048180 0.319040 0.007485 0.205151 0.007109 
0.099053 0.040905 0.067911 0.015180 0.013950 0.028328 0.061795 0.240474 0.305294 0.127109 
0.007300 0.180451 0.021672 0.047224 0.025766 0.023113 0.029609 0.164031 0.043523 0.457312 
0.132954 0.136519 0.019974 0.033248 0.058548 0.211049 0.269387 0.089326 0.040945 0.008050 
0.068478 0.158124 0.048497 0.084590 0.163066 0.055458 0.246336 0.110696 0.017498 0.047258 
0.035392 0.057439 0.055295 0.032809 0.258725 0.064688 0.107946 0.303050 0.006640 0.078013 
0.029921 0.085916 0.025836 0.042414 0.039025 0.024519 0.397878 0.051573 0.258886 0.044031 
0.103629 0.109397 0.274173 0.055636 0.079064 0.028303 0.047870 0.186671 0.033668 0.081588 
0.075308 0.021513 0.053557 0.029468 0.424709 0.256674 0.062143 0.026033 0.029381 0.021213 
0.082381 0.165747 0.034945 0.022924 0.192114 0.028881 0.249092 0.161471 0.026463 0.035982 
0.041463 0.031121 0.055965 0.198713 0.023086 0.032700 0.218169 0.152647 0.030478 0.215659 
0.282339 0.095632 0.156103 0.108727 0.107378 0.049233 0.032864 0.103203 0.041234 0.023288 
0.046269 0.138368 0.049808 0.029143 0.026627 0.093832 0.138211 0.016469 0.391174 0.070098 
0.128003 0.028366 0.043514 0.002850 0.114849 0.011574 0.028662 0.328396 0.009422 0.304365 
0.196612 0.028306 0.113647 0.168801 0.027166 0.104996 0.053534 0.063522 0.136859 0.106557 
0.050863 0.003341 0.295717 0.239037 0.024750 0.013374 0.008919 0.069236 0.026811 0.267953 
0.189319 0.008066 0.106725 0.012862 0.141995 0.043970 0.091763 0.298237 0.083881 0.023183 
0.032861 0.099128 0.056307 0.032501 0.031639 0.326063 0.026206 0.160122 0.209715 0.025459 
0.081681 0.059004 0.238842 0.017549 0.013853 0.014150 0.215852 0.024373 0.324253 0.010443 
0.240705 0.005597 0.113670 0.097573 0.214234 0.040734 0.119319 0.068821 0.009206 0.090142 
0.015433 0.044397 0.068967 0.077643 0.021768 0.025106 0.107737 0.006264 0.601100 0.031585 
0.014584 0.149032 0.024086 0.016758 0.021094 0.477947 0.005417 0.145211 0.063595 0.082278 
0.220628 0.174114 0.158330 0.102387 0.071857 0.086262 0.004713 0.011725 0.015239 0.154744 
0.143417 0.021284 0.028165 0.025554 0.050502 0.396237 0.067428 0.156309 0.023206 0.087897 
0.193590 0.017279 0.036113 0.042339 0.160206 0.096869 0.066288 0.201720 0.169762 0.015834 
0.140108 0.124054 0.058686 0.015186 0.015926 0.013867 0.338660 0.054964 0.209026 0.029523 
0.091107 0.117927 0.024100 0.026910 0.023776 0.012689 0.032601 0.374781 0.063235 0.232874 
0.023811 0.017090 0.079828 0.339311 0.024068 0.013685 0.012784 0.024255 0.014130 0.451037 
0.241437 0.170785 0.102407 0.059353 0.066224 0.012529 0.132335 0.101049 0.029653 0.084228 
0.049896 0.049176 0.054008 0.005236 0.020710 0.043256 0.090347 0.466128 0.011442 0.209802 
0.173448 0.001891 0.136907 0.078781 0.239835 0.016038 0.168961 0.050195 0.003484 0.130460 
0.184599 0.060434 0.187334 0.063806 0.041263 0.030624 0.173359 0.096668 0.007059 0.154853 
0.075271 0.070497 0.451281 0.102839 0.006857 0.043222 0.004121 0.066163 0.053287 0.126461 
0.025173 0.181973 0.036083 0.041444 0.072744 0.163143 0.159996 0.208265 0.078256 0.032922 
0.049832 0.007305 0.241317 0.103877 0.173241 0.019856 0.131481 0.132540 0.055424 0.085126 
0.116247 0.006448 0.164971 0.143590 0.003536 0.010291 0.001656 0.020413 0.277412 0.255436 
0.333172 0.258228 0.036345 0.072544 0.024216 0.048412 0.037606 0.040173 0.053597 0.095705 
0.085198 0.070663 0.230805 0.045996 0.202450 0.110611 0.072039 0.052353 0.055047 0.074838 
0.087406 0.109681 0.098033 0.030816 0.010928 0.018626 0.153414 0.084075 0.054370 0.352650 
0.130600 0.081915 0.119390 0.077176 0.216819 0.031765 0.109798 0.005575 0.198030 0.028933 
0.253291 0.154883 0.187420 0.034617 0.012232 0.014149 0.043264 0.019598 0.164898 0.115648 
